0.000000000000000000e+00 0.000000000000000000e+00 0.000000000000000000e+00 0.000000000000000000e+00 0.000000000000000000e+00 0.000000000000000000e+00
3.541666666666668222e-03 -9.324323447132938994e-03 1.375328251618152843e-02 -1.643533006168235860e-02 -1.071006522883214372e-02 8.525957115774962514e-02
1.041666666666652341e-03 8.055769194915704187e-03 -1.791738855812221795e-02 -9.434661526247015151e-03 -4.041076211198282170e-02 -5.204676585913912967e-03
0.000000000000000000e+00 0.000000000000000000e+00 0.000000000000000000e+00 0.000000000000000000e+00 0.000000000000000000e+00 0.000000000000000000e+00
0.000000000000000000e+00 0.000000000000000000e+00 0.000000000000000000e+00 0.000000000000000000e+00 0.000000000000000000e+00 0.000000000000000000e+00
0.000000000000000000e+00 0.000000000000000000e+00 0.000000000000000000e+00 0.000000000000000000e+00 0.000000000000000000e+00 0.000000000000000000e+00
0.000000000000000000e+00 0.000000000000000000e+00 0.000000000000000000e+00 0.000000000000000000e+00 0.000000000000000000e+00 0.000000000000000000e+00
3.729166666666666741e-02 -2.105194295492567730e-02 -9.271131486950309752e-02 1.051531322668748797e-01 -1.305028130222366523e-01 -1.572814240736668256e-02
0.000000000000000000e+00 0.000000000000000000e+00 0.000000000000000000e+00 0.000000000000000000e+00 0.000000000000000000e+00 0.000000000000000000e+00
0.000000000000000000e+00 0.000000000000000000e+00 0.000000000000000000e+00 0.000000000000000000e+00 0.000000000000000000e+00 0.000000000000000000e+00
0.000000000000000000e+00 0.000000000000000000e+00 0.000000000000000000e+00 0.000000000000000000e+00 0.000000000000000000e+00 0.000000000000000000e+00
6.562500000000058738e-03 2.331681176513367981e-01 9.095623047392253913e-02 2.523138239193056451e-02 -9.354758099622811907e-02 -1.714823225146268684e-03
0.000000000000000000e+00 0.000000000000000000e+00 0.000000000000000000e+00 0.000000000000000000e+00 0.000000000000000000e+00 0.000000000000000000e+00
3.161458333333331261e-01 -6.275242176730787547e-01 5.170463187718844500e-01 -2.446712418070917106e-01 9.411499538757912842e-02 -8.447515274014130160e-01
0.000000000000000000e+00 0.000000000000000000e+00 0.000000000000000000e+00 0.000000000000000000e+00 0.000000000000000000e+00 0.000000000000000000e+00
0.000000000000000000e+00 0.000000000000000000e+00 0.000000000000000000e+00 0.000000000000000000e+00 0.000000000000000000e+00 0.000000000000000000e+00
0.000000000000000000e+00 0.000000000000000000e+00 0.000000000000000000e+00 0.000000000000000000e+00 0.000000000000000000e+00 0.000000000000000000e+00
0.000000000000000000e+00 0.000000000000000000e+00 0.000000000000000000e+00 0.000000000000000000e+00 0.000000000000000000e+00 0.000000000000000000e+00
2.666666666666681063e-02 3.278596462249819821e-01 -1.779973068935952474e-01 -1.120641969097156687e-01 6.937914977642166692e-01 9.284795682724897650e-03
6.666666666666698320e-03 5.976327807281486826e-02 -9.693251436753358430e-02 -5.351717200528390700e-02 -4.986096463589546196e-02 -1.939386694675346301e-02
0.000000000000000000e+00 0.000000000000000000e+00 0.000000000000000000e+00 0.000000000000000000e+00 0.000000000000000000e+00 0.000000000000000000e+00
1.811458333333331450e-01 -4.033357170575151418e-01 4.193817309576093333e-01 -3.196790459748726776e-01 -1.134846701952531151e-01 2.220742420530103650e-02
0.000000000000000000e+00 0.000000000000000000e+00 0.000000000000000000e+00 0.000000000000000000e+00 0.000000000000000000e+00 0.000000000000000000e+00
0.000000000000000000e+00 0.000000000000000000e+00 0.000000000000000000e+00 0.000000000000000000e+00 0.000000000000000000e+00 0.000000000000000000e+00
0.000000000000000000e+00 0.000000000000000000e+00 0.000000000000000000e+00 0.000000000000000000e+00 0.000000000000000000e+00 0.000000000000000000e+00
0.000000000000000000e+00 0.000000000000000000e+00 0.000000000000000000e+00 0.000000000000000000e+00 0.000000000000000000e+00 0.000000000000000000e+00
0.000000000000000000e+00 0.000000000000000000e+00 0.000000000000000000e+00 0.000000000000000000e+00 0.000000000000000000e+00 0.000000000000000000e+00
0.000000000000000000e+00 0.000000000000000000e+00 0.000000000000000000e+00 0.000000000000000000e+00 0.000000000000000000e+00 0.000000000000000000e+00
1.208333333333343890e-02 3.332360035078854588e-01 6.735961088104286398e-02 1.218688688589664778e-03 8.646865771457049044e-02 2.468950530608660879e-03
0.000000000000000000e+00 0.000000000000000000e+00 0.000000000000000000e+00 0.000000000000000000e+00 0.000000000000000000e+00 0.000000000000000000e+00
0.000000000000000000e+00 0.000000000000000000e+00 0.000000000000000000e+00 0.000000000000000000e+00 0.000000000000000000e+00 0.000000000000000000e+00
0.000000000000000000e+00 0.000000000000000000e+00 0.000000000000000000e+00 0.000000000000000000e+00 0.000000000000000000e+00 0.000000000000000000e+00
0.000000000000000000e+00 0.000000000000000000e+00 0.000000000000000000e+00 0.000000000000000000e+00 0.000000000000000000e+00 0.000000000000000000e+00
2.806249999999999578e-01 -2.224770910151084302e-01 -4.878008099718157409e-01 8.696962595482213843e-01 2.773335607759926380e-01 2.870734556321704600e-01
0.000000000000000000e+00 0.000000000000000000e+00 0.000000000000000000e+00 0.000000000000000000e+00 0.000000000000000000e+00 0.000000000000000000e+00
1.979166666666675508e-03 6.177651929328874941e-02 1.913031041936576887e-02 4.941465565507286752e-03 -3.555961682521189410e-02 -3.262304266838889034e-04
3.958333333333362292e-03 1.452167060727409253e-01 6.006126229761248742e-02 1.763836669563875054e-02 -6.525723976301377183e-02 -1.390288939753513012e-03
6.218749999999989564e-02 -1.507888472117671630e-01 1.895988608979439771e-01 -1.858770006689833276e-01 -8.216163854812147394e-02 4.406287468283251463e-01
4.562499999999997113e-02 2.632855603038439796e-01 -4.628487654402571039e-01 -1.300625359834277350e-01 -6.039824721771659410e-01 5.709541637835399350e-03
0.000000000000000000e+00 0.000000000000000000e+00 0.000000000000000000e+00 0.000000000000000000e+00 0.000000000000000000e+00 0.000000000000000000e+00
0.000000000000000000e+00 0.000000000000000000e+00 0.000000000000000000e+00 0.000000000000000000e+00 0.000000000000000000e+00 0.000000000000000000e+00
0.000000000000000000e+00 0.000000000000000000e+00 0.000000000000000000e+00 0.000000000000000000e+00 0.000000000000000000e+00 0.000000000000000000e+00
1.447916666666666970e-02 2.140539037733227897e-03 -4.107950711474200878e-02 4.786188978054198295e-02 7.376911186158079115e-02 3.587707025831660124e-02
