0.000000000000000000e+00 0.000000000000000000e+00 0.000000000000000000e+00 0.000000000000000000e+00 0.000000000000000000e+00 0.000000000000000000e+00
7.514880952380930020e-03 -2.347824257558786196e-02 -2.237483126052585217e-02 -1.964115291805866581e-02 4.432010880225661920e-02 5.986746067484008393e-02
1.488095238095254926e-03 1.477227348926144976e-02 -2.420075826540945413e-02 -3.776222749262649059e-02 -1.457952306883544304e-02 9.946339844348927803e-03
0.000000000000000000e+00 0.000000000000000000e+00 0.000000000000000000e+00 0.000000000000000000e+00 0.000000000000000000e+00 0.000000000000000000e+00
4.092261904761939663e-03 2.898002768198032833e-02 -1.070159345735923959e-02 7.259839439352061552e-02 3.995681279054419388e-02 -4.842712096225753465e-02
0.000000000000000000e+00 0.000000000000000000e+00 0.000000000000000000e+00 0.000000000000000000e+00 0.000000000000000000e+00 0.000000000000000000e+00
0.000000000000000000e+00 0.000000000000000000e+00 0.000000000000000000e+00 0.000000000000000000e+00 0.000000000000000000e+00 0.000000000000000000e+00
2.745535714285716328e-02 -2.073331649987232572e-02 6.611917269681877318e-02 3.995986959783823581e-03 -1.133433043283699621e-01 -9.815571932647693121e-02
0.000000000000000000e+00 0.000000000000000000e+00 0.000000000000000000e+00 0.000000000000000000e+00 0.000000000000000000e+00 0.000000000000000000e+00
0.000000000000000000e+00 0.000000000000000000e+00 0.000000000000000000e+00 0.000000000000000000e+00 0.000000000000000000e+00 0.000000000000000000e+00
0.000000000000000000e+00 0.000000000000000000e+00 0.000000000000000000e+00 0.000000000000000000e+00 0.000000000000000000e+00 0.000000000000000000e+00
1.845238095238114703e-02 2.077703608108086575e-01 -2.790180531789282492e-01 -6.233398299907013523e-03 1.602317600738325243e-01 -1.189896315054733977e-01
0.000000000000000000e+00 0.000000000000000000e+00 0.000000000000000000e+00 0.000000000000000000e+00 0.000000000000000000e+00 0.000000000000000000e+00
2.638392857142847769e-01 -6.370803022900922707e-01 -3.723467471583206678e-01 -2.307629817390738358e-01 2.791348139102660664e-01 -2.721951840892643942e-02
0.000000000000000000e+00 0.000000000000000000e+00 0.000000000000000000e+00 0.000000000000000000e+00 0.000000000000000000e+00 0.000000000000000000e+00
1.190476190476204678e-03 1.799793906076859601e-02 -5.413204395860874568e-02 -6.914024511716210242e-02 -1.157912730543929694e-02 -3.852714716048345756e-03
0.000000000000000000e+00 0.000000000000000000e+00 0.000000000000000000e+00 0.000000000000000000e+00 0.000000000000000000e+00 0.000000000000000000e+00
0.000000000000000000e+00 0.000000000000000000e+00 0.000000000000000000e+00 0.000000000000000000e+00 0.000000000000000000e+00 0.000000000000000000e+00
6.971726190476235097e-02 3.494528377189559110e-01 2.477294789044860446e-01 5.019964058510973937e-01 -2.498103357055499463e-01 3.595003168242741909e-01
1.599702380952387065e-02 1.067276853565809897e-01 6.273530766260013714e-01 -4.807349130014768601e-01 1.490978221654184754e-01 -5.784913563595989183e-02
0.000000000000000000e+00 0.000000000000000000e+00 0.000000000000000000e+00 0.000000000000000000e+00 0.000000000000000000e+00 0.000000000000000000e+00
1.293154761904757311e-01 -3.430835424320549665e-01 -2.362733212921794279e-01 -1.949008754167893542e-01 3.019819159727648583e-01 2.586361187798756900e-01
2.157738095238115328e-03 1.567754246331155843e-02 -1.061925591115761222e-02 3.279334067531849278e-02 2.167199453994622660e-02 -2.837706270857267080e-02
0.000000000000000000e+00 0.000000000000000000e+00 0.000000000000000000e+00 0.000000000000000000e+00 0.000000000000000000e+00 0.000000000000000000e+00
0.000000000000000000e+00 0.000000000000000000e+00 0.000000000000000000e+00 0.000000000000000000e+00 0.000000000000000000e+00 0.000000000000000000e+00
0.000000000000000000e+00 0.000000000000000000e+00 0.000000000000000000e+00 0.000000000000000000e+00 0.000000000000000000e+00 0.000000000000000000e+00
0.000000000000000000e+00 0.000000000000000000e+00 0.000000000000000000e+00 0.000000000000000000e+00 0.000000000000000000e+00 0.000000000000000000e+00
0.000000000000000000e+00 0.000000000000000000e+00 0.000000000000000000e+00 0.000000000000000000e+00 0.000000000000000000e+00 0.000000000000000000e+00
3.087797619047646935e-02 2.307729062127175101e-01 7.444237746612024365e-02 8.077102717731469983e-02 -7.175786097185546386e-02 2.420939529834382486e-01
0.000000000000000000e+00 0.000000000000000000e+00 0.000000000000000000e+00 0.000000000000000000e+00 0.000000000000000000e+00 0.000000000000000000e+00
0.000000000000000000e+00 0.000000000000000000e+00 0.000000000000000000e+00 0.000000000000000000e+00 0.000000000000000000e+00 0.000000000000000000e+00
0.000000000000000000e+00 0.000000000000000000e+00 0.000000000000000000e+00 0.000000000000000000e+00 0.000000000000000000e+00 0.000000000000000000e+00
0.000000000000000000e+00 0.000000000000000000e+00 0.000000000000000000e+00 0.000000000000000000e+00 0.000000000000000000e+00 0.000000000000000000e+00
2.356398809523810867e-01 -2.883382755192896996e-01 1.474731727738675113e-01 1.876954410294183195e-01 -6.556530885989002577e-01 -7.390881266315415532e-01
0.000000000000000000e+00 0.000000000000000000e+00 0.000000000000000000e+00 0.000000000000000000e+00 0.000000000000000000e+00 0.000000000000000000e+00
3.407738095238131704e-02 3.013605480897931788e-01 -9.777013387228386532e-02 4.646469832005877820e-01 2.607354131361392380e-01 -7.683145687058415274e-02
6.622023809523902224e-03 9.347133753238033582e-02 -2.573573907709202913e-01 -3.372481925848032080e-01 -6.679718071884237218e-02 1.975485738101679083e-03
6.904761904761877456e-02 -2.029841984182594039e-01 -1.755724941925444482e-01 -1.453385350770297069e-01 3.036290979290112158e-01 3.569766980867972728e-01
5.186011904761921032e-02 1.411634671458971424e-01 3.604651153903621896e-01 4.150848560740972443e-02 -3.161674857766544333e-01 7.080524913364760753e-02
0.000000000000000000e+00 0.000000000000000000e+00 0.000000000000000000e+00 0.000000000000000000e+00 0.000000000000000000e+00 0.000000000000000000e+00
0.000000000000000000e+00 0.000000000000000000e+00 0.000000000000000000e+00 0.000000000000000000e+00 0.000000000000000000e+00 0.000000000000000000e+00
0.000000000000000000e+00 0.000000000000000000e+00 0.000000000000000000e+00 0.000000000000000000e+00 0.000000000000000000e+00 0.000000000000000000e+00
3.065476190476188259e-02 7.550952172728227219e-03 1.678422946058331228e-02 1.357564567524748300e-01 -6.107183284572950677e-02 -1.610111352994810785e-01
