0.000000000000000000e+00 0.000000000000000000e+00 0.000000000000000000e+00 0.000000000000000000e+00 0.000000000000000000e+00 0.000000000000000000e+00
1.714285714285682105e-03 -7.685787454181064633e-03 -1.360322307528275855e-02 -6.844801057132545406e-03 -2.429434347671081268e-02 4.239967471811948579e-02
1.185714285714271378e-02 -7.553940452094919968e-03 9.254446707806075756e-02 1.387167946196671969e-02 -1.189776441562247211e-01 -3.672726133345657895e-02
0.000000000000000000e+00 0.000000000000000000e+00 0.000000000000000000e+00 0.000000000000000000e+00 0.000000000000000000e+00 0.000000000000000000e+00
2.414285714285668849e-02 -7.993507347962175436e-02 1.383197442050278225e-02 4.702375389602542893e-02 2.442620966288954476e-01 1.534523201996527697e-01
4.514285714285831697e-02 2.184300266448206129e-01 1.928016957782802479e-02 -3.950355912167087813e-01 1.494093769137251337e-01 5.836229064675689353e-03
0.000000000000000000e+00 0.000000000000000000e+00 0.000000000000000000e+00 0.000000000000000000e+00 0.000000000000000000e+00 0.000000000000000000e+00
6.999999999999871776e-03 -2.830909404584175740e-02 -3.143442068311441684e-02 -9.933797807400449736e-03 -1.520460215489339781e-02 -1.837163139580235555e-02
7.571428571428850257e-03 3.497117534954440055e-02 -8.199228919711474758e-03 1.195766725635524948e-02 2.651753561580513178e-03 9.579177687956682424e-03
0.000000000000000000e+00 0.000000000000000000e+00 0.000000000000000000e+00 0.000000000000000000e+00 0.000000000000000000e+00 0.000000000000000000e+00
0.000000000000000000e+00 0.000000000000000000e+00 0.000000000000000000e+00 0.000000000000000000e+00 0.000000000000000000e+00 0.000000000000000000e+00
5.114285714285622675e-02 -6.299039020963333180e-02 3.091534844337358590e-01 1.129942679690025958e-01 -3.477336458193124730e-02 2.369727967639997102e-01
0.000000000000000000e+00 0.000000000000000000e+00 0.000000000000000000e+00 0.000000000000000000e+00 0.000000000000000000e+00 0.000000000000000000e+00
9.385714285714091831e-02 -3.902053664014140111e-01 -4.901526138333351379e-01 -1.741513902345579179e-01 -3.292743249871168398e-01 1.363312298815575196e-01
7.642857142857405195e-02 4.037124200481139180e-01 -1.006765994531450548e-01 -2.193931936774329572e-01 1.780457156037482391e-01 5.567078224835481787e-02
3.814285714285717971e-02 7.459584065102427275e-02 1.935815990434217593e-01 -1.332890604811704516e-01 -2.820069414106431416e-01 -1.137308748437185074e-01
0.000000000000000000e+00 0.000000000000000000e+00 0.000000000000000000e+00 0.000000000000000000e+00 0.000000000000000000e+00 0.000000000000000000e+00
2.071428571428668430e-02 1.256795668981733893e-01 -9.552336093915905768e-02 2.115171314018616522e-01 -4.587247021088557836e-02 -1.230025575502963209e-02
5.742857142857030889e-02 -1.704205042727291453e-01 7.598406764452410311e-02 8.492791324373061279e-02 2.288726914228656484e-01 -3.300135069369482532e-01
1.571428571428544387e-03 -2.515834021532314772e-03 9.383014166106463938e-03 2.699883545020209663e-03 -8.835086202669774000e-03 -1.099536383962958740e-02
0.000000000000000000e+00 0.000000000000000000e+00 0.000000000000000000e+00 0.000000000000000000e+00 0.000000000000000000e+00 0.000000000000000000e+00
2.385714285714241392e-02 -1.025367939708704129e-01 -1.513799496209339568e-01 -6.464151390425643129e-02 -1.794717910613906064e-01 1.826330807037599702e-01
8.571428571428413778e-04 -1.538897210992760597e-03 5.030908397944137446e-03 2.444850669152099330e-03 1.739941322617937847e-03 5.600492934079430440e-03
3.785714285714393557e-02 1.721214334082185049e-01 3.955725382001190442e-03 -1.152919093743894480e-01 6.830219396051231094e-03 -3.866573566060556820e-03
0.000000000000000000e+00 0.000000000000000000e+00 0.000000000000000000e+00 0.000000000000000000e+00 0.000000000000000000e+00 0.000000000000000000e+00
0.000000000000000000e+00 0.000000000000000000e+00 0.000000000000000000e+00 0.000000000000000000e+00 0.000000000000000000e+00 0.000000000000000000e+00
0.000000000000000000e+00 0.000000000000000000e+00 0.000000000000000000e+00 0.000000000000000000e+00 0.000000000000000000e+00 0.000000000000000000e+00
0.000000000000000000e+00 0.000000000000000000e+00 0.000000000000000000e+00 0.000000000000000000e+00 0.000000000000000000e+00 0.000000000000000000e+00
5.599999999999912687e-02 -8.657846623334061742e-02 3.179738568312844293e-01 1.080854770237865414e-01 -8.536419136491610327e-02 -2.390744225898913059e-03
2.857142857142987461e-04 1.775690617704798460e-03 -1.494713664385060150e-03 3.624780161054782981e-03 -8.967977788504854749e-04 -2.949656397187906958e-04
2.857142857142901810e-03 9.996994083810903028e-03 8.487602307998109996e-03 -1.954088687101611724e-02 -8.968863709695814798e-03 -6.867454863304494998e-03
9.257142857143259296e-02 5.432745523116152553e-01 -3.591648143857069098e-01 7.050525053157642441e-01 -1.278913589338210310e-01 -2.204348396327323115e-02
0.000000000000000000e+00 0.000000000000000000e+00 0.000000000000000000e+00 0.000000000000000000e+00 0.000000000000000000e+00 0.000000000000000000e+00
8.499999999999832689e-02 -3.329944048187946093e-01 -3.030092617953580869e-01 -6.629486467741646516e-02 3.064159850644383731e-02 -4.935537847517940113e-01
8.571428571428472325e-04 5.451475968085178785e-05 6.695238228339204373e-03 -9.426945520951765121e-05 -1.035482473787843402e-02 -3.447734438615116057e-03
7.328571428571278856e-02 -1.817851686075794837e-01 2.783606070723105286e-01 2.013725411817634536e-01 4.764201806280369267e-01 4.898189991337280058e-01
5.757142857142791975e-02 -5.929833477601907481e-03 3.958429807847950177e-01 1.196613781193632889e-02 -4.543921323046440919e-01 -9.028806095756874983e-02
1.299999999999974093e-02 -5.699270628944160672e-02 -9.169932043636175312e-02 -4.237375066820450731e-02 -1.329085529910467023e-01 1.927039650212994948e-01
2.642857142857088504e-02 -9.075421268566964683e-02 -2.136950132137823907e-02 1.622466064229700564e-02 8.296840322387996625e-02 -4.535620103347787757e-01
4.285714285714430777e-04 2.221525799661111002e-03 -7.628711264252983524e-05 -4.248556957559919064e-03 2.406354892361448495e-03 4.735999256356816594e-04
0.000000000000000000e+00 0.000000000000000000e+00 0.000000000000000000e+00 0.000000000000000000e+00 0.000000000000000000e+00 0.000000000000000000e+00
4.057142857142984060e-02 2.053089185852345899e-01 -6.365929816031038954e-03 -3.237161744251593198e-01 1.607223819563853573e-01 2.578774799992358813e-02
5.185714285714191490e-02 -1.834161855263280738e-01 -5.595647031229439988e-02 4.108651122789918481e-02 2.945165760067268712e-01 6.119361056285382849e-02
