-0.000000000000000000e+00 0.000000000000000000e+00 0.000000000000000000e+00 0.000000000000000000e+00 0.000000000000000000e+00 0.000000000000000000e+00
1.700680272108799239e-03 -7.177045283309300451e-03 -1.226285267532805853e-02 6.294391210961250080e-03 1.940908746789148098e-02 3.404308078480069999e-02
6.462585034013615566e-03 -2.779856184912885171e-03 5.214113236310027183e-02 -4.542777981410057835e-03 6.124330963429733959e-02 -2.324278934304972732e-03
-0.000000000000000000e+00 0.000000000000000000e+00 0.000000000000000000e+00 0.000000000000000000e+00 0.000000000000000000e+00 0.000000000000000000e+00
2.431972789115634595e-02 -7.772469633290328417e-02 2.028658965616541091e-02 -5.420958796405621338e-02 -2.524046041437189025e-01 2.286637719920155964e-01
4.404761904761946012e-02 2.178001796463655826e-01 9.402689158812217382e-03 3.739464689860641511e-01 -1.515468959560799245e-01 -4.821991902687920370e-03
-0.000000000000000000e+00 0.000000000000000000e+00 0.000000000000000000e+00 0.000000000000000000e+00 0.000000000000000000e+00 0.000000000000000000e+00
8.333333333333279441e-03 -3.219062721035519797e-02 -3.535051031547292028e-02 1.186642215778026775e-02 2.037119805327724034e-02 -1.027208773130132424e-02
8.843537414966039234e-03 4.094447454010136100e-02 -8.105246842400305740e-03 -1.439322457786619200e-02 -2.248286065603944967e-03 4.711342280704048854e-03
-0.000000000000000000e+00 0.000000000000000000e+00 0.000000000000000000e+00 0.000000000000000000e+00 0.000000000000000000e+00 0.000000000000000000e+00
-0.000000000000000000e+00 0.000000000000000000e+00 0.000000000000000000e+00 0.000000000000000000e+00 0.000000000000000000e+00 0.000000000000000000e+00
5.034013605442175243e-02 -5.309617563700036458e-02 3.277551266648543460e-01 -1.080567655355349627e-01 5.703541256081473554e-02 1.292007762715986219e-01
-0.000000000000000000e+00 0.000000000000000000e+00 0.000000000000000000e+00 0.000000000000000000e+00 0.000000000000000000e+00 0.000000000000000000e+00
1.010204081632647133e-01 -3.996213313615761265e-01 -4.926985070450015658e-01 1.826394952384032266e-01 3.497403378601515178e-01 3.129056917382530556e-01
7.482993197278978159e-02 3.984657977762564030e-01 -1.022886765858459918e-01 2.038765662316853466e-01 -1.807077470991893253e-01 6.665700960005806501e-04
3.486394557823151164e-02 7.442661191198080006e-02 1.861633001589279857e-01 1.429146537537157591e-01 2.805052844380365173e-01 1.823178548624483685e-03
-0.000000000000000000e+00 0.000000000000000000e+00 0.000000000000000000e+00 0.000000000000000000e+00 0.000000000000000000e+00 0.000000000000000000e+00
1.887755102040832370e-02 1.128468669767854343e-01 -8.073579086148001405e-02 -1.922783814035196326e-01 4.643735931472656175e-02 -2.229635210031157173e-03
6.003401360544186743e-02 -1.748429860779423251e-01 7.056364962141474517e-02 -7.962147597448029912e-02 -1.864449075360365138e-01 -4.318023512418522336e-01
1.700680272108836372e-04 -5.866133369400037189e-04 -2.071877348700227239e-04 -8.270494206216037660e-05 -4.605939723537784132e-04 -5.276951386787822468e-03
-0.000000000000000000e+00 0.000000000000000000e+00 0.000000000000000000e+00 0.000000000000000000e+00 0.000000000000000000e+00 0.000000000000000000e+00
2.125850340136033537e-02 -8.601732781211350598e-02 -1.197530350650249514e-01 5.092146229260359480e-02 1.230932010882853089e-01 1.170710177225203902e-01
6.802721088435299953e-04 -1.126011913983444163e-03 4.286546560710577380e-03 -1.877086361759545963e-03 -7.434489234517511168e-04 1.267916468947072372e-03
3.775510204081665433e-02 1.763950716470871760e-01 -6.924383246052935722e-04 1.104653161602963118e-01 -1.214437932507996323e-02 2.079968910018617934e-03
-0.000000000000000000e+00 0.000000000000000000e+00 0.000000000000000000e+00 0.000000000000000000e+00 0.000000000000000000e+00 0.000000000000000000e+00
-0.000000000000000000e+00 0.000000000000000000e+00 0.000000000000000000e+00 0.000000000000000000e+00 0.000000000000000000e+00 0.000000000000000000e+00
-0.000000000000000000e+00 0.000000000000000000e+00 0.000000000000000000e+00 0.000000000000000000e+00 0.000000000000000000e+00 0.000000000000000000e+00
-0.000000000000000000e+00 0.000000000000000000e+00 0.000000000000000000e+00 0.000000000000000000e+00 0.000000000000000000e+00 0.000000000000000000e+00
5.034013605442168304e-02 -7.590278161251198807e-02 2.874520626956016955e-01 -9.085058510363913653e-02 6.526280626927583040e-02 -7.495740663705244278e-02
3.401360544217677082e-04 2.081053928274680456e-03 -1.664096746569263333e-03 -4.379951163672300522e-03 1.198872380911253843e-03 -6.902812110540015324e-05
2.380952380952401550e-03 9.622873949734217155e-03 5.215365243942049304e-03 1.839900038755200654e-02 3.267348360401317944e-03 -1.288206035498684252e-04
9.149659863945647231e-02 5.320062910441548665e-01 -3.352456963711506477e-01 -7.202977339106337862e-01 1.537258138897574788e-01 -4.507886284846815417e-03
-0.000000000000000000e+00 0.000000000000000000e+00 0.000000000000000000e+00 0.000000000000000000e+00 0.000000000000000000e+00 0.000000000000000000e+00
9.421768707482924832e-02 -3.543472776534421498e-01 -3.248794673008201794e-01 8.085569492033879702e-02 4.573446086856305937e-02 -3.851629178234765027e-01
3.401360544217706897e-04 2.070863529738969599e-05 2.800756410845705278e-03 7.671055186155308048e-05 3.972951473404349315e-03 -6.876570704377783783e-05
7.551020408163235109e-02 -1.811187953362240199e-01 3.097496147986295578e-01 -2.245907706800085446e-01 -5.117167157925982535e-01 3.587046236522368758e-01
5.697278911564631482e-02 3.389061730510830716e-03 4.100952124889229999e-01 1.016337908742575083e-02 4.644400347809164442e-01 -6.703498286046226211e-03
1.190476190476174277e-02 -4.918771924818023805e-02 -7.592480268686678524e-02 3.555530889997628868e-02 9.769758342228512804e-02 1.468143483846629238e-01
3.061224489795900602e-02 -1.031662455898924302e-01 -3.260101313092973740e-02 -1.177530522382286109e-02 -5.786185229427043969e-02 -5.528029818601437606e-01
-0.000000000000000000e+00 0.000000000000000000e+00 0.000000000000000000e+00 0.000000000000000000e+00 0.000000000000000000e+00 0.000000000000000000e+00
-0.000000000000000000e+00 0.000000000000000000e+00 0.000000000000000000e+00 0.000000000000000000e+00 0.000000000000000000e+00 0.000000000000000000e+00
4.030612244898001267e-02 2.081774673158275357e-01 -1.451784094390055554e-02 3.223065849122943027e-01 -1.750307033955215419e-01 -4.222990725239369678e-03
5.204081632653029948e-02 -1.772909685110986844e-01 -4.898488319166027088e-02 -4.332510396849350437e-02 -2.618249273591009008e-01 1.473993056050870998e-01
