0.000000000000000000e+00 0.000000000000000000e+00 0.000000000000000000e+00 0.000000000000000000e+00 0.000000000000000000e+00 0.000000000000000000e+00
1.785714285714242724e-03 -8.046337316913532503e-03 -1.440167048249748824e-02 -6.496825247545099345e-03 -2.231297165186766490e-02 -3.816767826564530786e-02
1.309523809523789779e-02 -1.112678461998152513e-02 9.534939905511591318e-02 5.383046809354764470e-03 -1.310456176379924398e-01 8.028202456129296394e-02
0.000000000000000000e+00 0.000000000000000000e+00 0.000000000000000000e+00 0.000000000000000000e+00 0.000000000000000000e+00 0.000000000000000000e+00
2.309523809523750248e-02 -7.615095317843155465e-02 2.043398804412563038e-02 5.142751919442897085e-02 2.583487941441917624e-01 -1.505298709619529718e-01
4.380952380952564396e-02 2.192673104664716044e-01 4.978521319281233037e-03 -4.318215506426922312e-01 1.617294233013372440e-01 7.556836500944060474e-03
0.000000000000000000e+00 0.000000000000000000e+00 0.000000000000000000e+00 0.000000000000000000e+00 0.000000000000000000e+00 0.000000000000000000e+00
7.380952380952193921e-03 -2.957506767006234244e-02 -3.060569302253633717e-02 -7.230816397667235232e-03 -8.689573796093082864e-03 4.356231551367550914e-02
7.380952380952595510e-03 3.204624923624945637e-02 -2.701865067240463540e-03 1.065641976663947617e-02 -1.685844820680096508e-03 -8.398234360031019835e-03
0.000000000000000000e+00 0.000000000000000000e+00 0.000000000000000000e+00 0.000000000000000000e+00 0.000000000000000000e+00 0.000000000000000000e+00
0.000000000000000000e+00 0.000000000000000000e+00 0.000000000000000000e+00 0.000000000000000000e+00 0.000000000000000000e+00 0.000000000000000000e+00
5.226190476190387124e-02 -6.469616495059091199e-02 3.196813627469626273e-01 9.836696240581020712e-02 -3.879771184357191233e-02 -2.156831767998118321e-01
0.000000000000000000e+00 0.000000000000000000e+00 0.000000000000000000e+00 0.000000000000000000e+00 0.000000000000000000e+00 0.000000000000000000e+00
9.011904761904550309e-02 -3.776074572589081524e-01 -4.863977177184866663e-01 -1.505759515925719494e-01 -2.918866048923230427e-01 -1.939337132028650934e-01
7.654761904762237557e-02 4.169424112742498023e-01 -1.182061084514025723e-01 -1.687703377283540085e-01 1.626360282189632522e-01 -1.698459679586332427e-02
3.607142857142889292e-02 7.228925987387345431e-02 1.769134324400009062e-01 -1.535336417461293512e-01 -2.716795653630315610e-01 2.445667750417158601e-02
0.000000000000000000e+00 0.000000000000000000e+00 0.000000000000000000e+00 0.000000000000000000e+00 0.000000000000000000e+00 0.000000000000000000e+00
2.321428571428650958e-02 1.424683166585041516e-01 -9.537366129669776205e-02 2.527993833279451041e-01 -5.517328338227178025e-02 9.319817062237757688e-03
5.535714285714156413e-02 -1.635946998495341476e-01 8.727082816438448687e-02 8.430502985369413282e-02 2.173486987211819266e-01 3.010669157777248750e-01
2.499999999999946276e-03 -5.186545446600280933e-03 1.132976002736784012e-02 3.013522402499225171e-03 -9.384968376448126620e-03 3.057765369567122180e-02
0.000000000000000000e+00 0.000000000000000000e+00 0.000000000000000000e+00 0.000000000000000000e+00 0.000000000000000000e+00 0.000000000000000000e+00
2.392857142857090363e-02 -1.034624255951779592e-01 -1.550855190137109818e-01 -5.843139732160135963e-02 -1.601403315195438493e-01 -1.681144851506136961e-01
1.428571428571399514e-03 -2.776710317617588856e-03 8.362642756400400640e-03 3.816576020218300034e-03 3.929396892812818398e-03 -7.768558525758688382e-03
3.964285714285867984e-02 1.873939770396804705e-01 -8.682302542581845153e-03 -1.004633188984611764e-01 6.285409154262314342e-03 -6.845355539598856932e-03
0.000000000000000000e+00 0.000000000000000000e+00 0.000000000000000000e+00 0.000000000000000000e+00 0.000000000000000000e+00 0.000000000000000000e+00
0.000000000000000000e+00 0.000000000000000000e+00 0.000000000000000000e+00 0.000000000000000000e+00 0.000000000000000000e+00 0.000000000000000000e+00
0.000000000000000000e+00 0.000000000000000000e+00 0.000000000000000000e+00 0.000000000000000000e+00 0.000000000000000000e+00 0.000000000000000000e+00
0.000000000000000000e+00 0.000000000000000000e+00 0.000000000000000000e+00 0.000000000000000000e+00 0.000000000000000000e+00 0.000000000000000000e+00
5.642857142857038433e-02 -8.841811654149096811e-02 3.361518289584493058e-01 9.263267604108903208e-02 -1.140016753852953896e-01 9.416135622762503848e-03
8.333333333333720928e-04 5.237660032838467074e-03 -3.879026466953295737e-03 1.137013858775511727e-02 -2.803644129746204767e-03 5.645225571267789826e-04
4.523809523809686761e-03 1.841107659656458784e-02 8.761316121389639555e-03 -4.150493422734884835e-02 -3.235124230692165270e-03 2.513415685448546193e-03
8.904761904762270586e-02 5.269974812354437654e-01 -3.027871149992973354e-01 6.929592870040292008e-01 -1.261211445721218682e-01 1.166412602197331068e-02
0.000000000000000000e+00 0.000000000000000000e+00 0.000000000000000000e+00 0.000000000000000000e+00 0.000000000000000000e+00 0.000000000000000000e+00
8.869047619047402964e-02 -3.495501939380797896e-01 -3.233208759054945203e-01 -5.620680384519517736e-02 2.822893466344510160e-02 4.890488594081571216e-01
7.142857142857069125e-04 -5.339916965064810480e-05 5.433036532820650910e-03 -5.977876252288006047e-04 -8.667016743015183711e-03 2.819102314731359010e-03
7.130952380952219893e-02 -1.777664237155650029e-01 2.849616333152178993e-01 1.941772483870504995e-01 4.977869258839748845e-01 -4.457348588281276891e-01
5.678571428571380086e-02 -1.405785591060713935e-02 3.939634431008432469e-01 -1.085559406781535889e-02 -4.520949009353830705e-01 2.072071434824152708e-02
1.738095238095194867e-02 -7.656663856750854646e-02 -1.245119007895476859e-01 -5.104377129743566804e-02 -1.560723637476819081e-01 -2.271679402213952204e-01
2.999999999999929806e-02 -1.028174973636615530e-01 -2.271090732972497889e-02 1.600060417108272945e-02 5.320777916520826739e-02 5.169566881272422698e-01
3.571428571428728635e-04 1.914133388757796508e-03 -1.998186189501599411e-04 -3.804078218672872578e-03 2.112506315169293547e-03 -7.822464409695745267e-06
0.000000000000000000e+00 0.000000000000000000e+00 0.000000000000000000e+00 0.000000000000000000e+00 0.000000000000000000e+00 0.000000000000000000e+00
3.809523809523970850e-02 1.993633571486712608e-01 -1.881195007470099975e-02 -3.238559216496022519e-01 1.591827894037440294e-01 -4.944949215448551276e-04
4.821428571428454379e-02 -1.708779615410617736e-01 -4.591506080248256710e-02 4.828431653473477803e-02 3.029956571634606077e-01 -7.069501866378392896e-02
