-0.000000000000000000e+00 0.000000000000000000e+00 0.000000000000000000e+00 0.000000000000000000e+00 0.000000000000000000e+00 0.000000000000000000e+00
1.714285714285636569e-03 -7.110088132687449221e-03 1.125986426504745584e-02 -5.399346543556923610e-03 1.676140312941876154e-02 -2.933713743904679469e-02
4.571428571428455545e-03 -1.661367577933374300e-03 -3.728842186974532652e-02 2.017772239637822748e-03 3.923297828446774965e-02 1.339212415864656294e-03
-0.000000000000000000e+00 0.000000000000000000e+00 0.000000000000000000e+00 0.000000000000000000e+00 0.000000000000000000e+00 0.000000000000000000e+00
2.399999999999884864e-02 -7.646733361049257161e-02 -1.440818774061264525e-02 4.745223989496075157e-02 -2.126547789395549226e-01 -2.001973751151631398e-01
4.857142857143206816e-02 2.384619621923698141e-01 2.577329718078090644e-03 -4.032664408865154204e-01 -1.571833837200163064e-01 2.543957773772022920e-03
-0.000000000000000000e+00 0.000000000000000000e+00 0.000000000000000000e+00 0.000000000000000000e+00 0.000000000000000000e+00 0.000000000000000000e+00
8.952380952380547055e-03 -3.430026999401258186e-02 3.660144004834624959e-02 -1.164230976732108340e-02 2.299060991576966015e-02 6.851879118025619615e-03
9.904761904762571928e-03 4.524425582832011794e-02 9.135871103113106864e-03 1.864332826316705480e-02 -1.843336710928810069e-03 -6.518695690932008353e-03
-0.000000000000000000e+00 0.000000000000000000e+00 0.000000000000000000e+00 0.000000000000000000e+00 0.000000000000000000e+00 0.000000000000000000e+00
-0.000000000000000000e+00 0.000000000000000000e+00 0.000000000000000000e+00 0.000000000000000000e+00 0.000000000000000000e+00 0.000000000000000000e+00
4.685714285714140392e-02 -4.694969256193236296e-02 -3.080419153280171685e-01 9.225327052604512246e-02 4.119070012332801123e-02 -1.286857272324701540e-01
-0.000000000000000000e+00 0.000000000000000000e+00 0.000000000000000000e+00 0.000000000000000000e+00 0.000000000000000000e+00 0.000000000000000000e+00
1.057142857142807368e-01 -4.151402280359174912e-01 4.983826003084643741e-01 -1.758995886872080916e-01 3.766384777225385561e-01 -3.620679481122038301e-01
7.580952380952993286e-02 4.024066571269039883e-01 1.220108855730475533e-01 -1.736175871204652110e-01 -1.799762403158867985e-01 -1.572318819999854109e-02
3.580952380952435316e-02 6.650761428070570136e-02 -2.073458890557627055e-01 -1.414586628830964976e-01 3.042534745189875989e-01 2.730436212943388591e-02
-0.000000000000000000e+00 0.000000000000000000e+00 0.000000000000000000e+00 0.000000000000000000e+00 0.000000000000000000e+00 0.000000000000000000e+00
1.771428571428734777e-02 1.030999371420331795e-01 6.890461500477475243e-02 1.766761339713057155e-01 4.391089583814179742e-02 4.028943586770378053e-03
5.790476190475938451e-02 -1.667911517422661638e-01 -7.478574862747897067e-02 8.101661375603598503e-02 -2.124906219899419524e-01 4.090048982990155957e-01
1.904761904761816181e-04 -6.505735808704232606e-04 2.062172536121318050e-04 1.188410616914139904e-04 -6.357320602822451967e-04 6.500974141558107759e-03
-0.000000000000000000e+00 0.000000000000000000e+00 0.000000000000000000e+00 0.000000000000000000e+00 0.000000000000000000e+00 0.000000000000000000e+00
1.961904761904672764e-02 -7.846999967447365609e-02 1.041201189127207022e-01 -4.178754317905034044e-02 1.072630294584975552e-01 -9.598852093543175368e-02
7.619047619047346039e-04 -1.237606685604335710e-03 -4.824024298245689971e-03 2.007098816218442789e-03 -1.323694660730889532e-03 -1.907432227518268252e-03
3.885714285714552546e-02 1.793571745639400139e-01 2.122064418577739638e-03 -1.169455596540155268e-01 -7.172985589917811426e-03 7.087018838324690749e-04
-0.000000000000000000e+00 0.000000000000000000e+00 0.000000000000000000e+00 0.000000000000000000e+00 0.000000000000000000e+00 0.000000000000000000e+00
-0.000000000000000000e+00 0.000000000000000000e+00 0.000000000000000000e+00 0.000000000000000000e+00 0.000000000000000000e+00 0.000000000000000000e+00
-0.000000000000000000e+00 0.000000000000000000e+00 0.000000000000000000e+00 0.000000000000000000e+00 0.000000000000000000e+00 0.000000000000000000e+00
-0.000000000000000000e+00 0.000000000000000000e+00 0.000000000000000000e+00 0.000000000000000000e+00 0.000000000000000000e+00 0.000000000000000000e+00
4.723809523809349015e-02 -6.996669259703924837e-02 -2.764316103515349621e-01 8.154904731034144649e-02 3.569949680108927548e-02 5.531491130659706851e-02
3.809523809524170126e-04 2.265620220878438243e-03 1.682183467876925643e-03 4.799964524583008423e-03 1.338516139936498902e-03 1.517783684645318987e-04
2.285714285714424230e-03 9.704979766430438942e-03 -3.315960385057842123e-03 -1.811203779872454581e-02 7.499292023541334585e-05 8.224642364148275660e-04
9.085714285715106031e-02 5.165731361936946042e-01 3.108402813105368701e-01 7.314484347075334014e-01 1.681280828018249240e-01 1.114544406004106501e-02
-0.000000000000000000e+00 0.000000000000000000e+00 0.000000000000000000e+00 0.000000000000000000e+00 0.000000000000000000e+00 0.000000000000000000e+00
9.523809523809091682e-02 -3.570405924497904726e-01 3.271801308499779348e-01 -7.752250734551031919e-02 6.902747281437822402e-02 3.490413665549570998e-01
3.809523809523727230e-04 -4.278672257023126896e-05 -3.226242553390106134e-03 -1.852530286230409659e-05 4.015387581325841233e-03 2.105036955430592243e-04
7.428571428571104085e-02 -1.778628432815676785e-01 -2.994996343184100906e-01 2.168725482234711288e-01 -5.417898939016331239e-01 -3.946210651889595633e-01
5.923809523809405592e-02 -6.511150741921113358e-03 -4.419258496812460968e-01 -2.280250801829860913e-03 4.405077941185184809e-01 1.868609151286815956e-02
1.085714285714236421e-02 -4.414862222472618059e-02 6.346831822887782915e-02 -2.756115749583915378e-02 7.683419208980429849e-02 -1.126848839832675642e-01
2.933333333333191031e-02 -9.804726402835883814e-02 2.797484678257547430e-02 1.448685625209367688e-02 -6.907017663760922632e-02 5.715148414277829714e-01
-0.000000000000000000e+00 0.000000000000000000e+00 0.000000000000000000e+00 0.000000000000000000e+00 0.000000000000000000e+00 0.000000000000000000e+00
-0.000000000000000000e+00 0.000000000000000000e+00 0.000000000000000000e+00 0.000000000000000000e+00 0.000000000000000000e+00 0.000000000000000000e+00
3.961904761905069017e-02 2.012186561774203519e-01 2.012660980140916836e-02 -3.076060251292229153e-01 -1.515763211637900509e-01 -1.962152164152207879e-03
5.333333333333083182e-02 -1.824417298507319818e-01 6.450010716237548902e-02 3.377539304813878540e-02 -2.121503385679741616e-01 -1.154762042218008544e-01
