-0.000000000000000000e+00 0.000000000000000000e+00 0.000000000000000000e+00 0.000000000000000000e+00 0.000000000000000000e+00 0.000000000000000000e+00
9.920634920635679026e-04 -3.904608797797610911e-03 -6.382586006374797380e-03 -3.137400578940593640e-03 -8.904437902857763668e-03 -1.463855251963531133e-02
4.761904761904828254e-03 -2.650049484328053599e-03 3.857519128075431042e-02 1.574238534052943518e-03 -3.986806889757688738e-02 9.592687915722474109e-04
-0.000000000000000000e+00 0.000000000000000000e+00 0.000000000000000000e+00 0.000000000000000000e+00 0.000000000000000000e+00 0.000000000000000000e+00
2.500000000000142733e-02 -7.814564311276135655e-02 1.185397707641701152e-02 5.351911887917781135e-02 2.216115929417312724e-01 -2.231337684974778746e-01
4.861111111110675426e-02 2.419474058125652138e-01 6.624690989683514747e-03 -4.319350423854874665e-01 1.714583911937018201e-01 3.877655743787641971e-03
-0.000000000000000000e+00 0.000000000000000000e+00 0.000000000000000000e+00 0.000000000000000000e+00 0.000000000000000000e+00 0.000000000000000000e+00
9.325396825397446257e-03 -3.425002661989960673e-02 -3.846359499684896821e-02 -1.246776916333936641e-02 -2.405665807101883477e-02 5.299969459353192497e-03
9.523809523808634755e-03 4.941010254036539567e-02 -1.434685214949935408e-02 2.128204948988893230e-02 1.423515658107664915e-03 -1.117244490106717239e-03
-0.000000000000000000e+00 0.000000000000000000e+00 0.000000000000000000e+00 0.000000000000000000e+00 0.000000000000000000e+00 0.000000000000000000e+00
-0.000000000000000000e+00 0.000000000000000000e+00 0.000000000000000000e+00 0.000000000000000000e+00 0.000000000000000000e+00 0.000000000000000000e+00
4.563492063492164547e-02 -5.676531472014140906e-02 3.112184628535501485e-01 8.981079745730999320e-02 -5.161808767066575210e-02 -1.110622989937206651e-01
-0.000000000000000000e+00 0.000000000000000000e+00 0.000000000000000000e+00 0.000000000000000000e+00 0.000000000000000000e+00 0.000000000000000000e+00
1.089285714285789936e-01 -4.089880046126948554e-01 -5.149801457755758261e-01 -1.855285097829391661e-01 -3.789813267376273553e-01 -3.965174894344866696e-01
7.559523809523049920e-02 4.147137226496312445e-01 -1.193310926117716608e-01 -1.310565576051384296e-01 1.710400840024096092e-01 9.451117671569841602e-03
3.511904761904643957e-02 6.377730823372815272e-02 2.029793828635056696e-01 -1.672960178750839133e-01 -2.907043041217365897e-01 -2.203630751890536810e-02
-0.000000000000000000e+00 0.000000000000000000e+00 0.000000000000000000e+00 0.000000000000000000e+00 0.000000000000000000e+00 0.000000000000000000e+00
1.726190476190288259e-02 1.028718369765476426e-01 -6.066414256512986380e-02 1.768586532862820304e-01 -4.958893624697342101e-02 -6.644529384095572552e-04
5.714285714285999296e-02 -1.631163126075287628e-01 6.515461871218702905e-02 8.181543203670302300e-02 1.960117746163884123e-01 4.148054500275878964e-01
1.984126984127081161e-04 -6.584540329857536088e-04 -2.495002666323441805e-04 1.207829792920240154e-04 5.620653288497029412e-04 6.668061777006020589e-03
-0.000000000000000000e+00 0.000000000000000000e+00 0.000000000000000000e+00 0.000000000000000000e+00 0.000000000000000000e+00 0.000000000000000000e+00
2.023809523809662336e-02 -7.715251803749584303e-02 -1.064341793393470958e-01 -4.356917279468053988e-02 -1.045011355450137236e-01 -8.474237037037821163e-02
7.936507936508180447e-04 -1.393216215299726687e-03 4.997871651759171890e-03 2.112686733841433271e-03 1.200357738957305272e-03 -1.083120861075500098e-03
3.829365079364745184e-02 1.837474427422161050e-01 -4.847791116410577958e-03 -1.068054485951124843e-01 1.317739130179159529e-02 -1.397886066862554432e-03
-0.000000000000000000e+00 0.000000000000000000e+00 0.000000000000000000e+00 0.000000000000000000e+00 0.000000000000000000e+00 0.000000000000000000e+00
-0.000000000000000000e+00 0.000000000000000000e+00 0.000000000000000000e+00 0.000000000000000000e+00 0.000000000000000000e+00 0.000000000000000000e+00
-0.000000000000000000e+00 0.000000000000000000e+00 0.000000000000000000e+00 0.000000000000000000e+00 0.000000000000000000e+00 0.000000000000000000e+00
-0.000000000000000000e+00 0.000000000000000000e+00 0.000000000000000000e+00 0.000000000000000000e+00 0.000000000000000000e+00 0.000000000000000000e+00
4.642857142857277630e-02 -7.430297802444370270e-02 2.668081087805606044e-01 7.730682174010901353e-02 -4.232535794818846620e-02 8.617816140158368610e-02
3.968253968253494996e-04 2.411066535542240232e-03 -1.578053620788386026e-03 5.169818910120875868e-03 -1.622881180675449491e-03 -2.665473848939481488e-05
2.182539682539515191e-03 9.120566279802944792e-03 4.078706466716118528e-03 -2.000160617699521873e-02 5.679667931549140105e-05 -4.710662549475094123e-04
8.789682539681607787e-02 5.129046032690959267e-01 -2.718656360946962169e-01 7.157407028971667362e-01 -1.839886103171851361e-01 -2.629510985053625308e-03
-0.000000000000000000e+00 0.000000000000000000e+00 0.000000000000000000e+00 0.000000000000000000e+00 0.000000000000000000e+00 0.000000000000000000e+00
9.742063492064138852e-02 -3.510947578398753155e-01 -3.417141978305407446e-01 -8.209659316870647483e-02 -8.326423080393016707e-02 3.216012620733172955e-01
-0.000000000000000000e+00 0.000000000000000000e+00 0.000000000000000000e+00 0.000000000000000000e+00 0.000000000000000000e+00 0.000000000000000000e+00
7.678571428571764890e-02 -1.875587343114449856e-01 3.031173427144235877e-01 2.361716883949847579e-01 5.531623714476704423e-01 -3.383849833977465860e-01
5.972222222222255128e-02 -1.826689897853917693e-02 4.429975977346756189e-01 -8.460372244060338637e-03 -4.279493370403717467e-01 6.505244306368379754e-03
1.031746031746106837e-02 -3.982987198979071747e-02 -5.866121657968932646e-02 -2.566049546157777098e-02 -6.505020357243779250e-02 -8.724328661552278874e-02
3.035714285714447708e-02 -9.881319358927667662e-02 -3.373521602278563292e-02 1.453312117720163832e-02 6.040696809555231445e-02 5.846441237442001615e-01
-0.000000000000000000e+00 0.000000000000000000e+00 0.000000000000000000e+00 0.000000000000000000e+00 0.000000000000000000e+00 0.000000000000000000e+00
-0.000000000000000000e+00 0.000000000000000000e+00 0.000000000000000000e+00 0.000000000000000000e+00 0.000000000000000000e+00 0.000000000000000000e+00
3.749999999999642508e-02 1.941694698046580181e-01 -1.446311284823669809e-02 -2.957118085664757756e-01 1.496394655334097601e-01 5.365334169557447325e-03
5.357142857143186443e-02 -1.781829418695971279e-01 -7.068863329991259548e-02 3.771088188240348527e-02 2.126728015183712295e-01 -1.602066554830837708e-01
