0.000000000000000000e+00 0.000000000000000000e+00 0.000000000000000000e+00 0.000000000000000000e+00 0.000000000000000000e+00 0.000000000000000000e+00
1.808318264014461716e-03 7.734924508101152091e-03 -1.243896967108359085e-02 6.535125030310868534e-03 -1.996910433019289527e-02 -2.830668413251741233e-02
6.690777576853480964e-03 2.082664417119472339e-03 5.553634255211009618e-02 -7.558027941148837830e-03 -6.327068221024471917e-02 -4.628236800862566892e-04
0.000000000000000000e+00 0.000000000000000000e+00 0.000000000000000000e+00 0.000000000000000000e+00 0.000000000000000000e+00 0.000000000000000000e+00
2.513562386980104646e-02 8.208539706417038173e-02 1.716640351642332099e-02 -5.138540797793746812e-02 2.558240848163466086e-01 -2.803188283676185666e-01
4.683544303797469721e-02 -2.250305154310217326e-01 1.274798486974500385e-02 3.789056360885852404e-01 1.499379135982502609e-01 1.000311316899325786e-02
0.000000000000000000e+00 0.000000000000000000e+00 0.000000000000000000e+00 0.000000000000000000e+00 0.000000000000000000e+00 0.000000000000000000e+00
8.499095840867991469e-03 3.334539063516098883e-02 -3.497754543531970267e-02 1.270294529200969441e-02 -2.317658980195073243e-02 9.528111084720569668e-03
9.403254972875259299e-03 -4.236221042807643278e-02 -9.528420656163856875e-03 -1.588465007302669943e-02 1.470884456340389515e-03 -3.261968636522897830e-03
0.000000000000000000e+00 0.000000000000000000e+00 0.000000000000000000e+00 0.000000000000000000e+00 0.000000000000000000e+00 0.000000000000000000e+00
0.000000000000000000e+00 0.000000000000000000e+00 0.000000000000000000e+00 0.000000000000000000e+00 0.000000000000000000e+00 0.000000000000000000e+00
4.737793851717882893e-02 4.307835870673803330e-02 3.147570811678104818e-01 -1.073056927967532409e-01 -7.350596028064564080e-02 -9.803000833991003249e-02
0.000000000000000000e+00 0.000000000000000000e+00 0.000000000000000000e+00 0.000000000000000000e+00 0.000000000000000000e+00 0.000000000000000000e+00
1.034358047016272486e-01 4.163283892032171307e-01 -4.923398898930676504e-01 1.947663872956796605e-01 -3.792811418731001361e-01 -3.018618089668562710e-01
7.685352622061507322e-02 -3.969304329412534083e-01 -1.084093978217602200e-01 2.005713404606912775e-01 1.767746695225696496e-01 1.625200720396240833e-02
3.616636528028917968e-02 -8.002634743107849002e-02 1.923196039199058516e-01 1.358464152973189176e-01 -2.709813676728790033e-01 -4.126838172638187113e-02
0.000000000000000000e+00 0.000000000000000000e+00 0.000000000000000000e+00 0.000000000000000000e+00 0.000000000000000000e+00 0.000000000000000000e+00
1.808318264014477372e-02 -1.048382128917964284e-01 -8.292736546655853080e-02 -1.776899353858434893e-01 -3.951428292843685297e-02 -2.437336811692931635e-04
5.985533453887881272e-02 1.754776464858573137e-01 7.860389451592154908e-02 -8.532967040078215382e-02 2.088274069865301286e-01 4.733249793201552147e-01
1.808318264014463289e-04 6.191733898152255522e-04 -1.196647542105097042e-04 -1.341460955778757457e-04 6.021189436318322976e-04 5.920356374225320753e-03
0.000000000000000000e+00 0.000000000000000000e+00 0.000000000000000000e+00 0.000000000000000000e+00 0.000000000000000000e+00 0.000000000000000000e+00
1.989150090415911856e-02 8.181329098630070462e-02 -1.090433650176626523e-01 4.907414726694198093e-02 -1.219236465637401345e-01 -9.179964815585528459e-02
7.233273056057865080e-04 1.144504939850302149e-03 4.645859111541045076e-03 -2.112931223969329812e-03 7.695312765002117802e-04 -9.976279516456462455e-04
3.851717902350822870e-02 -1.734457847284578136e-01 3.530670191117515119e-03 1.133532862767719085e-01 9.338605828616553667e-03 -4.419820422508705625e-03
0.000000000000000000e+00 0.000000000000000000e+00 0.000000000000000000e+00 0.000000000000000000e+00 0.000000000000000000e+00 0.000000000000000000e+00
0.000000000000000000e+00 0.000000000000000000e+00 0.000000000000000000e+00 0.000000000000000000e+00 0.000000000000000000e+00 0.000000000000000000e+00
0.000000000000000000e+00 0.000000000000000000e+00 0.000000000000000000e+00 0.000000000000000000e+00 0.000000000000000000e+00 0.000000000000000000e+00
0.000000000000000000e+00 0.000000000000000000e+00 0.000000000000000000e+00 0.000000000000000000e+00 0.000000000000000000e+00 0.000000000000000000e+00
4.755877034358031719e-02 6.787738179168449626e-02 2.792177639036516612e-01 -9.549797057691084001e-02 -6.081469045067274676e-02 8.832292123691194707e-02
3.616636528028948803e-04 -2.145993812347607704e-03 -1.897848485032326959e-03 -4.464969750970785613e-03 -1.128522540055349258e-03 -8.476075316002635831e-06
2.531645569620250176e-03 -1.006163394985364577e-02 5.623038455187506085e-03 1.839480870447498737e-02 -3.230655426114462103e-03 -1.293432143294477588e-03
9.186256781193545551e-02 -5.189724079580211313e-01 -3.654639824510029222e-01 -7.204040903808245355e-01 -1.444305937036758913e-01 -2.291902711120474313e-03
0.000000000000000000e+00 0.000000000000000000e+00 0.000000000000000000e+00 0.000000000000000000e+00 0.000000000000000000e+00 0.000000000000000000e+00
9.367088607594950544e-02 3.578066227369879893e-01 -3.121526171301030050e-01 8.564436091828467323e-02 -5.662359038341076983e-02 3.357517702228248746e-01
3.616636528028928203e-04 -4.679501169489102901e-05 3.038277647851151016e-03 -1.223894427320488404e-04 -4.055241551963350254e-03 -1.840683436049490862e-04
7.197106690777552163e-02 1.741849898842344202e-01 2.926761668160124952e-01 -2.172917295267501048e-01 5.102026662889537212e-01 -3.467544864795283344e-01
5.732368896925830321e-02 -7.246861581455361564e-03 4.208458527260978133e-01 -1.544000824798004955e-02 -4.501112397826386169e-01 -1.677873083517659666e-02
1.103074141048825119e-02 4.618192408178211500e-02 -6.695920587456793971e-02 3.223081823097528886e-02 -8.726820295294131224e-02 -1.046821542488848289e-01
2.911392405063284797e-02 9.740007670913902738e-02 -1.683675745821794009e-02 -1.719009262761692428e-02 6.788628298635032698e-02 5.481816101412959608e-01
0.000000000000000000e+00 0.000000000000000000e+00 0.000000000000000000e+00 0.000000000000000000e+00 0.000000000000000000e+00 0.000000000000000000e+00
0.000000000000000000e+00 0.000000000000000000e+00 0.000000000000000000e+00 0.000000000000000000e+00 0.000000000000000000e+00 0.000000000000000000e+00
4.195298372513572849e-02 -2.099081637773445863e-01 -1.183056131056146702e-02 3.244157630484523214e-01 1.705530486474976515e-01 1.577359431542378621e-02
5.280289330922238039e-02 1.838546244022104814e-01 -5.578334796804372553e-02 -3.462932146166832620e-02 2.470982991010905183e-01 -1.800938781705173908e-01
