-0.000000000000000000e+00 0.000000000000000000e+00 0.000000000000000000e+00 0.000000000000000000e+00 0.000000000000000000e+00 0.000000000000000000e+00
1.477832512315295542e-03 6.663066712174959237e-03 1.206051928860085720e-02 5.638183579415505763e-03 1.895178486782693808e-02 3.128628792242253709e-02
1.354679802955667013e-02 1.187871588027564380e-02 -9.917866819446086168e-02 -9.144470095050432831e-03 1.318356222123929777e-01 -7.320263622703755690e-02
-0.000000000000000000e+00 0.000000000000000000e+00 0.000000000000000000e+00 0.000000000000000000e+00 0.000000000000000000e+00 0.000000000000000000e+00
2.376847290640425950e-02 7.917447938888248771e-02 -1.572392696853954983e-02 -5.013142486691721245e-02 -2.658802396781578814e-01 1.823952821770697119e-01
4.384236453201871553e-02 -2.164385512533867906e-01 -1.007495062263944439e-02 4.253411362506480109e-01 -1.599588536287439855e-01 -1.745895964082647481e-02
-0.000000000000000000e+00 0.000000000000000000e+00 0.000000000000000000e+00 0.000000000000000000e+00 0.000000000000000000e+00 0.000000000000000000e+00
7.142857142857257993e-03 2.862402476466898923e-02 3.000601329255641117e-02 7.863230661306121541e-03 1.177108337230314133e-02 -3.960722570405367238e-02
7.635467980295420308e-03 -3.263730644147654070e-02 2.767157965191981150e-03 -1.028803728901926499e-02 1.100876164238775339e-03 7.749357008035057115e-03
-0.000000000000000000e+00 0.000000000000000000e+00 0.000000000000000000e+00 0.000000000000000000e+00 0.000000000000000000e+00 0.000000000000000000e+00
-0.000000000000000000e+00 0.000000000000000000e+00 0.000000000000000000e+00 0.000000000000000000e+00 0.000000000000000000e+00 0.000000000000000000e+00
5.049261083743856321e-02 6.360108518444736181e-02 -3.029398239238962898e-01 -1.003093762518716403e-01 1.935630345339969458e-02 1.870624478116594269e-01
-0.000000000000000000e+00 0.000000000000000000e+00 0.000000000000000000e+00 0.000000000000000000e+00 0.000000000000000000e+00 0.000000000000000000e+00
9.051724137931159431e-02 3.791842940694443165e-01 4.918165187353737422e-01 1.610457731099311784e-01 3.097909750959428887e-01 2.235789225772513988e-01
7.758620689655026936e-02 -4.162748950006325832e-01 1.143571131863944795e-01 1.814845982248349532e-01 -1.632079387557672789e-01 -8.442811392201102910e-03
3.682266009852187133e-02 -7.061028712590752821e-02 -1.867320667248304200e-01 1.438396045105831689e-01 2.781490120095956309e-01 3.186833351449366858e-02
-0.000000000000000000e+00 0.000000000000000000e+00 0.000000000000000000e+00 0.000000000000000000e+00 0.000000000000000000e+00 0.000000000000000000e+00
2.278325123152669801e-02 -1.381930899527336887e-01 9.556901269853557146e-02 -2.369386360075252662e-01 4.990422866289884185e-02 -3.846974990746343873e-03
5.554187192118277550e-02 1.651393556532901319e-01 -8.164603672627313014e-02 -8.239097418705364217e-02 -2.028464683903083154e-01 -3.548762072651457933e-01
2.586206896551739715e-03 5.425358396995565678e-03 -1.170357833267771097e-02 -3.508282157838883177e-03 9.459585909940993603e-03 -3.300794243380213155e-02
-0.000000000000000000e+00 0.000000000000000000e+00 0.000000000000000000e+00 0.000000000000000000e+00 0.000000000000000000e+00 0.000000000000000000e+00
2.278325123152740578e-02 9.836005654388960129e-02 1.477336884206470746e-01 5.790191770042759506e-02 1.554939597161644760e-01 1.515812125678699107e-01
1.477832512315282532e-03 2.929147248119374006e-03 -8.440856776438519435e-03 -4.083368442892493927e-03 -4.658848749575957883e-03 7.065866888608218765e-03
4.039408866994996516e-02 -1.870841081621660018e-01 3.736108476520249178e-03 1.087067524405166546e-01 -6.249295408213853542e-03 9.951463671805348132e-03
-0.000000000000000000e+00 0.000000000000000000e+00 0.000000000000000000e+00 0.000000000000000000e+00 0.000000000000000000e+00 0.000000000000000000e+00
-0.000000000000000000e+00 0.000000000000000000e+00 0.000000000000000000e+00 0.000000000000000000e+00 0.000000000000000000e+00 0.000000000000000000e+00
-0.000000000000000000e+00 0.000000000000000000e+00 0.000000000000000000e+00 0.000000000000000000e+00 0.000000000000000000e+00 0.000000000000000000e+00
-0.000000000000000000e+00 0.000000000000000000e+00 0.000000000000000000e+00 0.000000000000000000e+00 0.000000000000000000e+00 0.000000000000000000e+00
5.738916256157660517e-02 9.238210877571349788e-02 -3.365256542521225525e-01 -1.028322958688349942e-01 9.606579241557110238e-02 -3.159611832956238375e-02
8.620689655172213096e-04 -5.357370616994528573e-03 4.108836503219937333e-03 -1.122943126389304783e-02 2.677727441205382097e-03 -2.456700289803272230e-04
4.187192118226531166e-03 -1.654534666006729493e-02 -9.063941648612447444e-03 3.660881519606271062e-02 4.415712021952052611e-03 8.962107707917476348e-04
9.125615763546669756e-02 -5.347817722905379156e-01 3.203003121494833461e-01 -6.994939327608546975e-01 1.256826768099315317e-01 -3.830261286629557064e-03
-0.000000000000000000e+00 0.000000000000000000e+00 0.000000000000000000e+00 0.000000000000000000e+00 0.000000000000000000e+00 0.000000000000000000e+00
8.731527093596183620e-02 3.442548205073015510e-01 3.220592897233310881e-01 6.344515245343811116e-02 -5.919733819077052650e-03 -4.343460736710882952e-01
7.389162561576336765e-04 7.879961787031916035e-05 -5.686649697030290475e-03 3.893610212979578241e-04 8.814161657240766196e-03 -1.842049536234230530e-03
7.081280788177393704e-02 1.791064559247302623e-01 -2.691143458585515402e-01 -1.917482066031617194e-01 -5.072047858677305454e-01 4.155053623630646231e-01
5.775862068965524621e-02 1.517817698703969459e-02 -4.028653463644015775e-01 -6.177510123632490302e-04 4.515307433765357592e-01 2.078399959129118707e-02
1.465517241379332702e-02 6.460232833145718168e-02 1.061882433077222521e-01 4.531060897351075339e-02 1.354850567513728454e-01 1.916764070069889858e-01
3.041871921182296226e-02 1.040411820090983569e-01 2.168563250592636313e-02 -1.613972459454319011e-02 -4.379606701860913609e-02 -5.564175671642590526e-01
3.694581280788110920e-04 -1.945946472587982683e-03 1.393671908934590760e-04 3.940126589501623255e-03 -2.127399249679025588e-03 -2.642518726875759728e-04
-0.000000000000000000e+00 0.000000000000000000e+00 0.000000000000000000e+00 0.000000000000000000e+00 0.000000000000000000e+00 0.000000000000000000e+00
3.756157635467911177e-02 -1.930947305739143527e-01 1.246992041415288105e-02 3.198108504616234971e-01 -1.525193255405601911e-01 -1.591806067824679330e-02
4.827586206896617577e-02 1.723399485549347299e-01 5.469811223192337646e-02 -4.247019977127743096e-02 -2.961163458320943964e-01 1.135016563501488746e-01
