-0.000000000000000000e+00 0.000000000000000000e+00 0.000000000000000000e+00 0.000000000000000000e+00 0.000000000000000000e+00 0.000000000000000000e+00
5.158730158730187240e-03 1.198084634172383138e-02 -1.538116061788567628e-02 1.560271051225489529e-02 -2.738545373912659731e-03 1.800290338610321603e-02
-0.000000000000000000e+00 0.000000000000000000e+00 0.000000000000000000e+00 0.000000000000000000e+00 0.000000000000000000e+00 0.000000000000000000e+00
-0.000000000000000000e+00 0.000000000000000000e+00 0.000000000000000000e+00 0.000000000000000000e+00 0.000000000000000000e+00 0.000000000000000000e+00
8.730158730158617611e-03 -3.004930536166331226e-02 8.022365593017352636e-02 2.678521712170208249e-02 7.254223547775086323e-02 -6.007819566471687273e-02
-0.000000000000000000e+00 0.000000000000000000e+00 0.000000000000000000e+00 0.000000000000000000e+00 0.000000000000000000e+00 0.000000000000000000e+00
-0.000000000000000000e+00 0.000000000000000000e+00 0.000000000000000000e+00 0.000000000000000000e+00 0.000000000000000000e+00 0.000000000000000000e+00
2.083333333333343279e-02 2.612425161413762034e-02 4.021687659734678698e-03 -9.764886360456954961e-02 -9.344359739308472079e-02 -3.758241524312903176e-02
-0.000000000000000000e+00 0.000000000000000000e+00 0.000000000000000000e+00 0.000000000000000000e+00 0.000000000000000000e+00 0.000000000000000000e+00
-0.000000000000000000e+00 0.000000000000000000e+00 0.000000000000000000e+00 0.000000000000000000e+00 0.000000000000000000e+00 0.000000000000000000e+00
-0.000000000000000000e+00 0.000000000000000000e+00 0.000000000000000000e+00 0.000000000000000000e+00 0.000000000000000000e+00 0.000000000000000000e+00
1.984126984126825290e-03 -7.362120458529028411e-02 -2.510386327916982324e-02 -4.215919837359638489e-03 3.722417148888237243e-02 -8.215033494639351064e-02
-0.000000000000000000e+00 0.000000000000000000e+00 0.000000000000000000e+00 0.000000000000000000e+00 0.000000000000000000e+00 0.000000000000000000e+00
3.386904761904779293e-01 6.806934765062701009e-01 -6.970449699624543527e-01 4.183957347238435043e-01 6.738863938860700786e-02 -2.118749047803399066e-01
-0.000000000000000000e+00 0.000000000000000000e+00 0.000000000000000000e+00 0.000000000000000000e+00 0.000000000000000000e+00 0.000000000000000000e+00
-0.000000000000000000e+00 0.000000000000000000e+00 0.000000000000000000e+00 0.000000000000000000e+00 0.000000000000000000e+00 0.000000000000000000e+00
-0.000000000000000000e+00 0.000000000000000000e+00 0.000000000000000000e+00 0.000000000000000000e+00 0.000000000000000000e+00 0.000000000000000000e+00
-0.000000000000000000e+00 0.000000000000000000e+00 0.000000000000000000e+00 0.000000000000000000e+00 0.000000000000000000e+00 0.000000000000000000e+00
6.388888888888827333e-02 -2.012137777602504563e-01 4.038527302359163906e-01 8.167124068329284503e-03 3.984443097081335483e-01 7.133622268529318244e-01
-0.000000000000000000e+00 0.000000000000000000e+00 0.000000000000000000e+00 0.000000000000000000e+00 0.000000000000000000e+00 0.000000000000000000e+00
-0.000000000000000000e+00 0.000000000000000000e+00 0.000000000000000000e+00 0.000000000000000000e+00 0.000000000000000000e+00 0.000000000000000000e+00
9.742063492063532393e-02 2.056077718014001909e-01 -2.274969156782499224e-01 1.547831423172515153e-01 -4.263587937236239245e-02 1.274219495966286697e-01
-0.000000000000000000e+00 0.000000000000000000e+00 0.000000000000000000e+00 0.000000000000000000e+00 0.000000000000000000e+00 0.000000000000000000e+00
-0.000000000000000000e+00 0.000000000000000000e+00 0.000000000000000000e+00 0.000000000000000000e+00 0.000000000000000000e+00 0.000000000000000000e+00
-0.000000000000000000e+00 0.000000000000000000e+00 0.000000000000000000e+00 0.000000000000000000e+00 0.000000000000000000e+00 0.000000000000000000e+00
-0.000000000000000000e+00 0.000000000000000000e+00 0.000000000000000000e+00 0.000000000000000000e+00 0.000000000000000000e+00 0.000000000000000000e+00
-0.000000000000000000e+00 0.000000000000000000e+00 0.000000000000000000e+00 0.000000000000000000e+00 0.000000000000000000e+00 0.000000000000000000e+00
-0.000000000000000000e+00 0.000000000000000000e+00 0.000000000000000000e+00 0.000000000000000000e+00 0.000000000000000000e+00 0.000000000000000000e+00
1.507936507936423129e-02 -3.858772769189109941e-01 -6.462183523873120394e-02 3.568217770613404949e-03 -1.017448856741645091e-01 2.290725189990407418e-01
-0.000000000000000000e+00 0.000000000000000000e+00 0.000000000000000000e+00 0.000000000000000000e+00 0.000000000000000000e+00 0.000000000000000000e+00
-0.000000000000000000e+00 0.000000000000000000e+00 0.000000000000000000e+00 0.000000000000000000e+00 0.000000000000000000e+00 0.000000000000000000e+00
-0.000000000000000000e+00 0.000000000000000000e+00 0.000000000000000000e+00 0.000000000000000000e+00 0.000000000000000000e+00 0.000000000000000000e+00
-0.000000000000000000e+00 0.000000000000000000e+00 0.000000000000000000e+00 0.000000000000000000e+00 0.000000000000000000e+00 0.000000000000000000e+00
2.746031746031752929e-01 3.062558815465203921e-01 9.023214299162826690e-02 -8.546933996460799321e-01 -3.122147302283898584e-01 -2.755299768711934050e-01
-0.000000000000000000e+00 0.000000000000000000e+00 0.000000000000000000e+00 0.000000000000000000e+00 0.000000000000000000e+00 0.000000000000000000e+00
4.126984126984062362e-02 -2.103289338692463928e-01 3.797549029761907446e-01 1.587635287795019223e-01 -6.066362108197649317e-01 -2.631867436751190725e-01
1.111111111111036907e-02 -3.697338977215690603e-01 -1.067924674595419066e-01 -1.218499895876681838e-02 4.634158348406088729e-02 -8.837450345488166714e-02
5.476190476190512246e-02 1.261698998632763691e-01 -1.613389439431730243e-01 1.736695661958512771e-01 1.183927314220777072e-02 2.001016247472988674e-01
1.011904761904764034e-02 -1.213141879768648386e-03 2.790599831970083308e-02 -4.206295770051237531e-02 -5.595052845435133371e-02 1.263230265864976054e-01
-0.000000000000000000e+00 0.000000000000000000e+00 0.000000000000000000e+00 0.000000000000000000e+00 0.000000000000000000e+00 0.000000000000000000e+00
-0.000000000000000000e+00 0.000000000000000000e+00 0.000000000000000000e+00 0.000000000000000000e+00 0.000000000000000000e+00 0.000000000000000000e+00
-0.000000000000000000e+00 0.000000000000000000e+00 0.000000000000000000e+00 0.000000000000000000e+00 0.000000000000000000e+00 0.000000000000000000e+00
5.634920634920603799e-02 -8.479458957664631757e-02 3.117890380658667193e-01 5.107089825794067228e-02 5.815841646263876230e-01 -3.955071755327269623e-01
