3.078817733989531991e-04 -2.347891439050106121e-03 1.826683384202504887e-04 -1.950112334031636058e-03 1.800885148849175506e-03 1.288911450117065338e-05
4.279556650246527094e-03 8.288417383046350895e-03 1.691203998203006167e-02 5.818984350109603770e-03 2.052380903297226864e-03 -1.313633381770025997e-02
2.955665024630704275e-03 4.801103998368750660e-03 -1.634991612743643546e-02 -5.702438358255172701e-03 3.593125455985895708e-03 -3.165293314542506203e-02
-0.000000000000000000e+00 0.000000000000000000e+00 0.000000000000000000e+00 0.000000000000000000e+00 0.000000000000000000e+00 0.000000000000000000e+00
8.374384236453676425e-03 1.496094817871125235e-02 -2.524910670427467363e-02 -2.232138570095612215e-02 -1.537267555392123584e-02 8.719006973289460116e-02
1.019088669950513754e-02 -6.170299325702948562e-02 -2.094671245769279266e-02 3.985650008929804144e-01 -5.386302329334257122e-01 -2.523905340247531871e-03
-0.000000000000000000e+00 0.000000000000000000e+00 0.000000000000000000e+00 0.000000000000000000e+00 0.000000000000000000e+00 0.000000000000000000e+00
1.859605911330150865e-02 3.572668521198554825e-02 5.885609039026154510e-02 1.606057229715784906e-02 1.246654171361032820e-03 9.077769937918821891e-03
3.694581280787382336e-04 -2.819468076518341464e-03 2.235735363217177180e-04 -2.436980256975064540e-03 2.515082259187455434e-03 2.139429634949480157e-05
-0.000000000000000000e+00 0.000000000000000000e+00 0.000000000000000000e+00 0.000000000000000000e+00 0.000000000000000000e+00 0.000000000000000000e+00
-0.000000000000000000e+00 0.000000000000000000e+00 0.000000000000000000e+00 0.000000000000000000e+00 0.000000000000000000e+00 0.000000000000000000e+00
4.630541871921451530e-02 7.830877593488881627e-02 -2.330196868765699036e-01 -1.250313415754930602e-01 -1.069174455661119419e-02 -1.144930218138235228e-01
-0.000000000000000000e+00 0.000000000000000000e+00 0.000000000000000000e+00 0.000000000000000000e+00 0.000000000000000000e+00 0.000000000000000000e+00
1.538485221674957271e-01 2.965778586680567486e-01 5.373458699890418799e-01 1.644180232876154002e-01 3.586697610906521699e-02 -1.409756258419370134e-01
2.170566502462557487e-02 -1.607842220534871358e-01 3.569383717002099811e-03 4.838542529549519355e-02 -3.319603398330882027e-01 -4.580969211717775963e-03
5.172413793103591319e-03 4.148187163419664314e-03 -3.086764477924604580e-02 5.002270736747363444e-02 5.325309738412994931e-02 -1.246895722635180670e-01
1.169950738916114390e-03 -4.344237781197468617e-03 -6.295508303924950318e-03 9.604941289429068385e-02 9.710157254454339359e-02 1.477452059495325959e-02
4.064039408866074177e-02 -3.106179037284071409e-01 2.563742018383487198e-02 -2.912466649032793287e-01 3.619106476769790026e-01 3.786730936241598008e-03
4.972290640394375766e-02 8.783741624392613079e-02 -1.691955838954493085e-01 -1.298774186560670840e-01 -6.498114040427187266e-02 2.803085853344629563e-01
-0.000000000000000000e+00 0.000000000000000000e+00 0.000000000000000000e+00 0.000000000000000000e+00 0.000000000000000000e+00 0.000000000000000000e+00
-0.000000000000000000e+00 0.000000000000000000e+00 0.000000000000000000e+00 0.000000000000000000e+00 0.000000000000000000e+00 0.000000000000000000e+00
6.505541871921531605e-02 1.256230784447410487e-01 2.378227894010209731e-01 7.607258733288969899e-02 2.018127945710756002e-02 -9.976379790825179450e-02
1.693349753694681345e-03 2.952172053341497321e-03 -7.452475223261667038e-03 -5.327844569313120934e-03 -2.580196262547672717e-03 1.094768062607287887e-02
3.756157635467108173e-03 -2.682576708429384657e-02 -1.125546799715168708e-03 3.920963132159158843e-02 -9.989536122703883414e-02 -9.586858087685288469e-04
4.002463054186620843e-03 -1.583589851065639667e-02 -2.033619352675574560e-02 3.163199362122459668e-01 2.793837673501488594e-01 4.786223848306313949e-02
3.694581280787336258e-04 -2.829459824809607213e-03 2.454311874087186998e-04 -2.921207537660580871e-03 4.285182662029563341e-03 5.103109108991225131e-05
-0.000000000000000000e+00 0.000000000000000000e+00 0.000000000000000000e+00 0.000000000000000000e+00 0.000000000000000000e+00 0.000000000000000000e+00
-0.000000000000000000e+00 0.000000000000000000e+00 0.000000000000000000e+00 0.000000000000000000e+00 0.000000000000000000e+00 0.000000000000000000e+00
7.232142857143288028e-02 1.226264734371581705e-01 -3.597480768638731674e-01 -1.969669212949094195e-01 -1.965860573399563077e-02 -1.823016018884776046e-01
4.587438423644279485e-03 -3.504899633445075074e-02 2.864783164649440869e-03 -3.222360829530038218e-02 3.838654217533681717e-02 3.851245953607610514e-04
4.125615763546340749e-03 -1.241256925490542493e-02 -2.029243679715325710e-02 2.228483570121589930e-01 1.144077837793786162e-01 -2.082885288704151155e-02
1.030788177339669043e-01 -7.845014110718718792e-01 5.807652403682717762e-02 -5.917672706466300392e-01 4.629251780610419975e-01 2.911021678198160139e-03
-0.000000000000000000e+00 0.000000000000000000e+00 0.000000000000000000e+00 0.000000000000000000e+00 0.000000000000000000e+00 0.000000000000000000e+00
1.372536945812881937e-01 2.628654855268688362e-01 3.968224633707379545e-01 9.729354952930674427e-02 -1.481014908528053686e-03 1.144410150652684921e-01
4.310344827586276768e-04 2.737552164233702568e-04 -2.560599994417486498e-03 5.100836109382493599e-03 4.916304972654181836e-03 -1.012579405509412417e-02
1.021859605911392271e-01 1.791728676644987195e-01 -4.108764429516225669e-01 -3.038349531672947523e-01 -1.551746281950644735e-01 6.955837359053395064e-01
4.079433497537160447e-02 6.341294977476351347e-02 -2.290463644029134826e-01 -3.627045173565033448e-02 9.126793928320435512e-02 -5.316723014938408154e-01
5.948275862069273695e-02 1.150674027538656080e-01 2.280519377686157367e-01 7.636782779499314000e-02 2.449398639385116927e-02 -1.457795704090282252e-01
1.040640394088728285e-02 1.955072276344982027e-02 1.303890038200277747e-02 -2.170512191084759870e-03 -4.968204130285129409e-03 3.425136738261612412e-02
2.463054187191554795e-04 -1.547470396987405197e-03 -4.514717089991684583e-04 9.403788566524490244e-03 -1.710126306280172759e-02 -1.240143642741642002e-04
-0.000000000000000000e+00 0.000000000000000000e+00 0.000000000000000000e+00 0.000000000000000000e+00 0.000000000000000000e+00 0.000000000000000000e+00
5.818965517240049130e-03 -3.857522117052746002e-02 -7.075717554477927579e-03 1.576700485165887511e-01 -3.146016028558850097e-01 -2.868567384242061598e-03
2.075123152709478988e-02 3.799920956667592747e-02 -1.876039048037578608e-02 -2.955757755788999616e-02 -2.249137613069681838e-02 1.248703728590481454e-01
