0.000000000000000000e+00 0.000000000000000000e+00 0.000000000000000000e+00 0.000000000000000000e+00 0.000000000000000000e+00 0.000000000000000000e+00
1.640624999999991743e-02 -7.671115941041718733e-02 -9.101493139287544776e-02 -1.128440256190199331e-01 1.557559497372758284e-01 -2.434787192503941669e-02
9.062500000000113867e-03 7.160512162775165002e-02 5.573032939343845055e-02 -9.689315075513620090e-02 -4.193689023659107062e-02 1.979252280678954826e-02
0.000000000000000000e+00 0.000000000000000000e+00 0.000000000000000000e+00 0.000000000000000000e+00 0.000000000000000000e+00 0.000000000000000000e+00
1.085937500000005822e-02 2.447799836623105497e-04 3.045462417823293494e-02 5.995844902048708125e-02 4.840094757903292549e-02 -1.020764683721008259e-01
3.359375000000130920e-03 1.544954570635095614e-01 -4.042865607783632798e-02 2.321429653243486501e-03 -1.014326514338403408e-02 -3.775843573720329138e-02
0.000000000000000000e+00 0.000000000000000000e+00 0.000000000000000000e+00 0.000000000000000000e+00 0.000000000000000000e+00 0.000000000000000000e+00
3.296874999999976907e-02 -9.477648759562599945e-02 -6.753746931794714359e-02 4.194189584589784470e-02 -1.857820916599467465e-01 8.856055664525648574e-02
0.000000000000000000e+00 0.000000000000000000e+00 0.000000000000000000e+00 0.000000000000000000e+00 0.000000000000000000e+00 0.000000000000000000e+00
0.000000000000000000e+00 0.000000000000000000e+00 0.000000000000000000e+00 0.000000000000000000e+00 0.000000000000000000e+00 0.000000000000000000e+00
0.000000000000000000e+00 0.000000000000000000e+00 0.000000000000000000e+00 0.000000000000000000e+00 0.000000000000000000e+00 0.000000000000000000e+00
4.250000000000048184e-02 1.332008397523103682e-01 2.263351921741503514e-01 -2.610608670052488867e-02 1.675206742455286890e-01 2.255704494180737762e-01
0.000000000000000000e+00 0.000000000000000000e+00 0.000000000000000000e+00 0.000000000000000000e+00 0.000000000000000000e+00 0.000000000000000000e+00
1.509374999999987255e-01 -5.827179263244042229e-01 -5.866137580970520737e-01 -3.763601718349130487e-01 1.199264233367119681e-01 3.831844278167728657e-02
5.625000000000240918e-03 3.414320969999105060e-01 -1.173241069035495243e-01 7.488127113995450557e-02 3.869952013274988861e-02 7.151391342181770416e-02
1.429687500000038740e-02 1.867443330944522084e-01 7.091963510053447828e-02 -1.891894218997345889e-01 -1.075579114312597145e-01 -1.590984104616574024e-01
0.000000000000000000e+00 0.000000000000000000e+00 0.000000000000000000e+00 0.000000000000000000e+00 0.000000000000000000e+00 0.000000000000000000e+00
0.000000000000000000e+00 0.000000000000000000e+00 0.000000000000000000e+00 0.000000000000000000e+00 0.000000000000000000e+00 0.000000000000000000e+00
1.192968750000001632e-01 -3.963444816019982830e-02 2.433977532349212158e-01 5.323174851183718470e-01 4.192873480129422070e-02 -3.817220448102569552e-01
1.218749999999994664e-02 -2.033903139600629073e-02 -1.770088549798129506e-04 4.971316488082302282e-02 -1.071532720557384077e-01 5.400922654540753209e-02
0.000000000000000000e+00 0.000000000000000000e+00 0.000000000000000000e+00 0.000000000000000000e+00 0.000000000000000000e+00 0.000000000000000000e+00
4.859374999999961642e-02 -1.979900448027166471e-01 -2.094025401768083161e-01 -1.690829314596540289e-01 1.155268285238946341e-01 4.462887616203317989e-03
1.562500000000010061e-04 1.009587808532833915e-04 5.795926959782623025e-04 8.875459305725163974e-04 9.299684422145503351e-04 -1.407962449209579055e-03
6.250000000000225644e-04 4.011213084611781055e-02 -1.439295116955000009e-02 1.051231728715752711e-02 6.248991661967127562e-03 1.329176605019517961e-02
0.000000000000000000e+00 0.000000000000000000e+00 0.000000000000000000e+00 0.000000000000000000e+00 0.000000000000000000e+00 0.000000000000000000e+00
0.000000000000000000e+00 0.000000000000000000e+00 0.000000000000000000e+00 0.000000000000000000e+00 0.000000000000000000e+00 0.000000000000000000e+00
0.000000000000000000e+00 0.000000000000000000e+00 0.000000000000000000e+00 0.000000000000000000e+00 0.000000000000000000e+00 0.000000000000000000e+00
0.000000000000000000e+00 0.000000000000000000e+00 0.000000000000000000e+00 0.000000000000000000e+00 0.000000000000000000e+00 0.000000000000000000e+00
6.953125000000053013e-02 2.009008341121192309e-01 3.549743610516236658e-01 -2.885007803709771848e-02 2.195873186447450109e-01 4.700042265835729927e-01
0.000000000000000000e+00 0.000000000000000000e+00 0.000000000000000000e+00 0.000000000000000000e+00 0.000000000000000000e+00 0.000000000000000000e+00
6.953125000000245567e-03 1.779840590241769938e-01 -4.113103509999090600e-03 -8.651470923117396405e-02 -7.648158892401145381e-02 -1.778327230414431803e-01
3.125000000000110654e-04 1.982723812341550054e-02 -7.046648414658300726e-03 4.974190738219056926e-03 2.829814782337661608e-03 5.691241081794835323e-03
0.000000000000000000e+00 0.000000000000000000e+00 0.000000000000000000e+00 0.000000000000000000e+00 0.000000000000000000e+00 0.000000000000000000e+00
1.353124999999990585e-01 -3.912178436648220403e-01 -2.844194470560736931e-01 1.048950382255245534e-01 -4.265130679917447099e-01 1.013245314656944507e-01
4.921875000000091108e-03 6.005707504346025766e-02 2.758465504724515530e-02 -7.238810395050770952e-02 -4.319622079382829521e-02 -4.979148673559601057e-02
9.132812500000044020e-02 5.581034609560643622e-02 3.068331756196041038e-01 4.105892653647386648e-01 3.740294960332186669e-01 -4.919726206715571148e-01
5.445312500000071970e-02 3.252567018588842784e-01 3.320351074596287755e-01 -3.412196322180708896e-01 1.630255210546986341e-02 3.206364343742729717e-01
4.664062499999980377e-02 -2.024238074562616785e-01 -2.263359201638675544e-01 -2.310556844649965802e-01 2.562133174968084792e-01 -3.226056582592640165e-02
9.015624999999949374e-02 -1.509778354915371767e-01 -1.115658087477847810e-02 3.108041214653864959e-01 -6.374319308609877055e-01 2.814845942733651407e-01
0.000000000000000000e+00 0.000000000000000000e+00 0.000000000000000000e+00 0.000000000000000000e+00 0.000000000000000000e+00 0.000000000000000000e+00
0.000000000000000000e+00 0.000000000000000000e+00 0.000000000000000000e+00 0.000000000000000000e+00 0.000000000000000000e+00 0.000000000000000000e+00
5.468750000000274824e-04 3.167985925832175059e-02 -1.045659809090324771e-02 5.717947601182375716e-03 2.343058016527370044e-03 2.957860113530523614e-03
3.296874999999988703e-02 -4.266324736251231320e-02 2.157529414554074446e-02 1.209898738992778583e-01 6.995264355771127485e-02 -2.393500631476589424e-01
