0.000000000000000000e+00 0.000000000000000000e+00 0.000000000000000000e+00 0.000000000000000000e+00 0.000000000000000000e+00 0.000000000000000000e+00
3.249999999999993172e-02 -2.199180646213996226e-01 -2.444627035570552664e-01 -3.518379775570233958e-01 -2.075933130520364045e-01 3.068030829483910094e-02
0.000000000000000000e+00 0.000000000000000000e+00 0.000000000000000000e+00 0.000000000000000000e+00 0.000000000000000000e+00 0.000000000000000000e+00
0.000000000000000000e+00 0.000000000000000000e+00 0.000000000000000000e+00 0.000000000000000000e+00 0.000000000000000000e+00 0.000000000000000000e+00
2.499999999999998751e-03 1.341550339430469529e-02 -1.101183096496951251e-02 3.747634716978910500e-04 -4.723566248901802170e-03 2.174814078271506551e-02
0.000000000000000000e+00 0.000000000000000000e+00 0.000000000000000000e+00 0.000000000000000000e+00 0.000000000000000000e+00 0.000000000000000000e+00
0.000000000000000000e+00 0.000000000000000000e+00 0.000000000000000000e+00 0.000000000000000000e+00 0.000000000000000000e+00 0.000000000000000000e+00
6.708333333333327264e-02 4.672686730116686060e-02 2.937192963617904495e-01 -2.073314916305035033e-02 -1.845856380644244066e-01 -1.788062302102748913e-01
0.000000000000000000e+00 0.000000000000000000e+00 0.000000000000000000e+00 0.000000000000000000e+00 0.000000000000000000e+00 0.000000000000000000e+00
0.000000000000000000e+00 0.000000000000000000e+00 0.000000000000000000e+00 0.000000000000000000e+00 0.000000000000000000e+00 0.000000000000000000e+00
0.000000000000000000e+00 0.000000000000000000e+00 0.000000000000000000e+00 0.000000000000000000e+00 0.000000000000000000e+00 0.000000000000000000e+00
7.916666666666677746e-03 5.646682431044604267e-02 -8.711148569098416117e-02 2.394909599353585439e-02 -4.912210505681154256e-03 -1.079462071670579532e-01
0.000000000000000000e+00 0.000000000000000000e+00 0.000000000000000000e+00 0.000000000000000000e+00 0.000000000000000000e+00 0.000000000000000000e+00
2.262500000000003675e-01 -6.211086919382152738e-01 9.043057344563211475e-02 6.274082104072288280e-01 6.349663412080511771e-01 -2.198532155754908124e-01
0.000000000000000000e+00 0.000000000000000000e+00 0.000000000000000000e+00 0.000000000000000000e+00 0.000000000000000000e+00 0.000000000000000000e+00
0.000000000000000000e+00 0.000000000000000000e+00 0.000000000000000000e+00 0.000000000000000000e+00 0.000000000000000000e+00 0.000000000000000000e+00
0.000000000000000000e+00 0.000000000000000000e+00 0.000000000000000000e+00 0.000000000000000000e+00 0.000000000000000000e+00 0.000000000000000000e+00
0.000000000000000000e+00 0.000000000000000000e+00 0.000000000000000000e+00 0.000000000000000000e+00 0.000000000000000000e+00 0.000000000000000000e+00
8.916666666666663021e-02 4.366824677085314743e-01 -3.436817983813577060e-01 1.820216125522747599e-02 -2.424413519062515454e-02 2.393941890430756891e-01
1.770833333333336063e-02 5.898179114448508925e-02 8.939526910119841019e-02 -9.597193985425953033e-02 -6.324478115263304501e-02 -6.819717913488963779e-02
0.000000000000000000e+00 0.000000000000000000e+00 0.000000000000000000e+00 0.000000000000000000e+00 0.000000000000000000e+00 0.000000000000000000e+00
7.458333333333337645e-02 -2.687639731525118814e-01 -5.504619247088499839e-02 1.386846696422291692e-01 2.671865625913867337e-01 -1.123121841719603720e-01
0.000000000000000000e+00 0.000000000000000000e+00 0.000000000000000000e+00 0.000000000000000000e+00 0.000000000000000000e+00 0.000000000000000000e+00
0.000000000000000000e+00 0.000000000000000000e+00 0.000000000000000000e+00 0.000000000000000000e+00 0.000000000000000000e+00 0.000000000000000000e+00
0.000000000000000000e+00 0.000000000000000000e+00 0.000000000000000000e+00 0.000000000000000000e+00 0.000000000000000000e+00 0.000000000000000000e+00
0.000000000000000000e+00 0.000000000000000000e+00 0.000000000000000000e+00 0.000000000000000000e+00 0.000000000000000000e+00 0.000000000000000000e+00
0.000000000000000000e+00 0.000000000000000000e+00 0.000000000000000000e+00 0.000000000000000000e+00 0.000000000000000000e+00 0.000000000000000000e+00
0.000000000000000000e+00 0.000000000000000000e+00 0.000000000000000000e+00 0.000000000000000000e+00 0.000000000000000000e+00 0.000000000000000000e+00
1.708333333333331844e-02 1.045760346128645490e-01 -3.092332487120760115e-02 -1.250823084187304979e-01 4.134285585231895488e-01 1.415639471335009003e-01
0.000000000000000000e+00 0.000000000000000000e+00 0.000000000000000000e+00 0.000000000000000000e+00 0.000000000000000000e+00 0.000000000000000000e+00
0.000000000000000000e+00 0.000000000000000000e+00 0.000000000000000000e+00 0.000000000000000000e+00 0.000000000000000000e+00 0.000000000000000000e+00
0.000000000000000000e+00 0.000000000000000000e+00 0.000000000000000000e+00 0.000000000000000000e+00 0.000000000000000000e+00 0.000000000000000000e+00
0.000000000000000000e+00 0.000000000000000000e+00 0.000000000000000000e+00 0.000000000000000000e+00 0.000000000000000000e+00 0.000000000000000000e+00
2.114583333333329707e-01 6.320787445056895437e-02 4.949657773383869808e-01 3.190111350476130259e-01 -4.054307878139286059e-01 1.384287905049129686e-01
0.000000000000000000e+00 0.000000000000000000e+00 0.000000000000000000e+00 0.000000000000000000e+00 0.000000000000000000e+00 0.000000000000000000e+00
3.104166666666669655e-02 2.152246870682836544e-01 -3.340372863760621147e-01 1.037698802792091229e-01 -6.091943853824208222e-02 -4.217529598119349465e-01
3.749999999999983815e-03 2.153339899140818345e-02 3.006685394916392817e-03 -3.642045109076907927e-02 1.043957439339173038e-01 3.542733277855239504e-02
6.541666666666659524e-02 -3.330472593025124994e-01 -2.606957497620566166e-01 -2.438630755366041347e-01 -5.156119809049713315e-02 1.028303519672869870e-02
1.131249999999999895e-01 3.365402992954952821e-01 5.180775856112903588e-01 -4.949041736016655535e-01 -1.521762338871489040e-01 -2.507681639609662949e-01
0.000000000000000000e+00 0.000000000000000000e+00 0.000000000000000000e+00 0.000000000000000000e+00 0.000000000000000000e+00 0.000000000000000000e+00
0.000000000000000000e+00 0.000000000000000000e+00 0.000000000000000000e+00 0.000000000000000000e+00 0.000000000000000000e+00 0.000000000000000000e+00
0.000000000000000000e+00 0.000000000000000000e+00 0.000000000000000000e+00 0.000000000000000000e+00 0.000000000000000000e+00 0.000000000000000000e+00
4.041666666666676039e-02 8.948224073707752857e-02 -1.226248151786368257e-01 1.374131591253611728e-01 -2.605859037124270694e-01 7.421103962982509294e-01
