6.465517241380130996e-04 5.744480871658920983e-03 -3.966507886921505181e-03 4.755128257299502843e-03 -8.695173804001026831e-04 1.301232598877999098e-03
4.849137931034111894e-04 -2.002248774194990977e-03 -2.524434119359164792e-03 -1.671234295034563144e-03 -1.582321618990354881e-03 2.561508639234596997e-04
2.688577586206932282e-02 -2.676255178151834557e-02 1.646187674170674908e-01 9.797715015482014178e-02 -6.607970690098970978e-01 -2.493513285301635074e-01
-0.000000000000000000e+00 0.000000000000000000e+00 0.000000000000000000e+00 0.000000000000000000e+00 0.000000000000000000e+00 0.000000000000000000e+00
7.004310344827336526e-03 -2.126226033879308544e-02 6.590970720461611192e-03 1.662768875004607891e-02 5.030296239623146398e-02 -6.675213955256881562e-03
4.197198275862393940e-02 2.530575368214098564e-01 9.783806761286860387e-02 -2.846909063833167330e-01 1.203522314914651503e-01 -1.900705677778194713e-01
2.424568965517464800e-03 2.242794981056965911e-02 -1.838688083604619536e-02 2.507155434677381042e-02 -1.120621856707115609e-02 4.650769272465767740e-02
1.659482758620578827e-02 -6.507020758720241660e-02 -6.606963487311558192e-02 -3.731732638656012208e-02 -1.268385927519378835e-02 2.379740398096357942e-04
5.387931034483393482e-05 4.988377433476383479e-04 -4.103954537971281607e-04 5.609364449082073325e-04 -2.536707811277038628e-04 1.059252983196050293e-03
-0.000000000000000000e+00 0.000000000000000000e+00 0.000000000000000000e+00 0.000000000000000000e+00 0.000000000000000000e+00 0.000000000000000000e+00
3.394396551724387142e-03 1.760701021271588243e-02 1.492790921281306193e-02 -3.217813679236410096e-02 9.749339606036658236e-04 3.691600970710766372e-02
3.696120689655144759e-02 -7.846219819884284186e-02 1.527839992064716490e-01 1.596803837197210141e-01 1.561080346823138509e-01 7.187158881825063406e-03
-0.000000000000000000e+00 0.000000000000000000e+00 0.000000000000000000e+00 0.000000000000000000e+00 0.000000000000000000e+00 0.000000000000000000e+00
1.011853448275791406e-01 -4.080186601790508627e-01 -4.678758614640832203e-01 -2.902967826061158552e-01 -1.995543123002621322e-01 2.762784145209253375e-02
3.318965517241709295e-02 2.671832917876553748e-01 -1.061910752464738372e-01 5.946245201322542667e-02 8.451203386523523098e-02 -4.478836321089600392e-01
1.799568965517263364e-02 -1.318502708153658498e-02 9.475204527727952575e-02 4.926251852729791186e-02 2.365098998736169661e-02 7.265359084075657947e-02
1.368534482758713457e-02 5.592685046214500300e-02 6.822881617117099173e-02 -1.016878611192141985e-01 -5.893326782429468558e-02 1.771626148407286494e-01
3.351293103448600014e-02 3.066537230953064741e-01 -2.409100937056114777e-01 3.193157209626837911e-01 -1.252716661025475020e-01 4.882702384862089295e-01
3.459051724137791189e-02 -1.083136932242335371e-01 3.186952374500285224e-03 4.773893517727781366e-02 1.305103658318726434e-01 -2.398052355212153958e-02
9.913793103448345981e-03 -1.185656011027200890e-02 5.911544240332541195e-02 3.827897439719909339e-02 -2.580669693003542209e-01 -1.073172148007245225e-01
-0.000000000000000000e+00 0.000000000000000000e+00 0.000000000000000000e+00 0.000000000000000000e+00 0.000000000000000000e+00 0.000000000000000000e+00
4.267241379310039023e-02 -1.737429714161359828e-01 -2.071623900648787153e-01 -1.320508227281019797e-01 -1.041103304305114191e-01 1.505540095323511240e-02
1.077586206896519183e-03 -3.201134636938683664e-03 1.281752811376703390e-03 2.735879720168928921e-03 7.527332482160494984e-03 -8.944525881484374037e-04
8.135775862069637501e-03 5.874154468080396846e-02 -5.601264360174921034e-03 -1.999909571361351349e-02 3.101263715569302359e-02 -1.166050308083503434e-01
5.016163793103819296e-02 2.695966686933294887e-01 1.979045970207546357e-01 -4.474800234930840781e-01 5.380985753790710341e-02 3.397864555936718212e-01
-0.000000000000000000e+00 0.000000000000000000e+00 0.000000000000000000e+00 0.000000000000000000e+00 0.000000000000000000e+00 0.000000000000000000e+00
3.017241379310574637e-03 1.643297411406446570e-02 1.228454183350226672e-02 -2.862879765018439340e-02 4.039007968439691128e-03 2.473900382555406507e-02
-0.000000000000000000e+00 0.000000000000000000e+00 0.000000000000000000e+00 0.000000000000000000e+00 0.000000000000000000e+00 0.000000000000000000e+00
7.316810344827504031e-02 -1.566684976820950648e-01 2.977735207805417006e-01 3.092317584789291973e-01 1.892526447237501963e-01 -2.626354694460973291e-02
2.047413793103651427e-03 1.865983753324961664e-02 -1.440684841890606076e-02 1.884578309755971515e-02 -6.820327638203079086e-03 2.519637060483754729e-02
2.165948275862200970e-02 7.898501137432674402e-02 9.914832067920985315e-02 -1.207778602357738179e-01 -4.567289472080972301e-02 1.725164344306014397e-01
4.434267241379744040e-02 3.872854491766014595e-01 -2.478363611690337087e-01 2.793321587557766605e-01 -2.297632986169507660e-02 -6.826667693433617623e-02
-0.000000000000000000e+00 0.000000000000000000e+00 0.000000000000000000e+00 0.000000000000000000e+00 0.000000000000000000e+00 0.000000000000000000e+00
1.047413793103382229e-01 -4.058448699693367745e-01 -3.902600677997343226e-01 -2.105445116211915602e-01 -3.793679909699534253e-02 -4.657910339478533307e-03
1.788793103448369295e-02 4.559634739878366122e-02 9.809463660910559824e-02 -7.588841906943859239e-02 -1.566875031023456655e-01 1.990863560824338852e-01
7.036637931034286919e-02 -1.975286957121962228e-01 1.276922858230448155e-01 2.079375090754519428e-01 4.529905829179495247e-01 -5.022314561932808563e-02
9.067887931034479543e-02 -1.567394373691362863e-01 4.391229273038217973e-01 3.885842273341659214e-01 2.471953467262260340e-01 1.245533940963638730e-01
2.327586206896377699e-02 -9.570592628361319909e-02 -1.186694070026253489e-01 -7.767798741195655610e-02 -6.964286560962135164e-02 1.094577633765885481e-02
1.309267241379235072e-02 -4.812159629764001245e-02 -3.500795596726061221e-02 -1.384831743113999238e-02 1.223170365662768801e-02 -3.651992105100819279e-03
4.687500000000363251e-03 2.968887297174592835e-02 8.579456663786849333e-03 -3.013860369120513472e-02 1.692038636300079169e-02 -3.592316418162681824e-02
-0.000000000000000000e+00 0.000000000000000000e+00 0.000000000000000000e+00 0.000000000000000000e+00 0.000000000000000000e+00 0.000000000000000000e+00
2.947198275862327257e-02 2.041934780626228629e-01 8.314810220492725376e-03 -1.234921550864163248e-01 1.286432417129443062e-01 -4.297659656802386152e-01
1.901939655172320970e-02 -6.579332816747550383e-02 -2.696064177359153505e-02 2.970082501401883745e-03 6.303162916053971221e-02 -9.528583417285040047e-03
