-0.000000000000000000e+00 0.000000000000000000e+00 0.000000000000000000e+00 0.000000000000000000e+00 0.000000000000000000e+00 0.000000000000000000e+00
1.704545454545451210e-03 3.907810121119540021e-03 7.474773348385764342e-03 1.259760365022551641e-02 -5.616085042452376511e-03 1.432992255476717158e-02
-0.000000000000000000e+00 0.000000000000000000e+00 0.000000000000000000e+00 0.000000000000000000e+00 0.000000000000000000e+00 0.000000000000000000e+00
-0.000000000000000000e+00 0.000000000000000000e+00 0.000000000000000000e+00 0.000000000000000000e+00 0.000000000000000000e+00 0.000000000000000000e+00
1.022727272727274109e-02 -2.342885599741559993e-02 -1.374601753541456195e-01 -2.439140179872173377e-03 -1.673394174284416336e-01 -1.022267888463299079e-02
-0.000000000000000000e+00 0.000000000000000000e+00 0.000000000000000000e+00 0.000000000000000000e+00 0.000000000000000000e+00 0.000000000000000000e+00
-0.000000000000000000e+00 0.000000000000000000e+00 0.000000000000000000e+00 0.000000000000000000e+00 0.000000000000000000e+00 0.000000000000000000e+00
3.153409090909081725e-02 5.934471621556226123e-02 1.400138424261957414e-02 -5.422779453708145153e-02 5.609290899128550195e-02 -2.987794889719139202e-02
-0.000000000000000000e+00 0.000000000000000000e+00 0.000000000000000000e+00 0.000000000000000000e+00 0.000000000000000000e+00 0.000000000000000000e+00
-0.000000000000000000e+00 0.000000000000000000e+00 0.000000000000000000e+00 0.000000000000000000e+00 0.000000000000000000e+00 0.000000000000000000e+00
-0.000000000000000000e+00 0.000000000000000000e+00 0.000000000000000000e+00 0.000000000000000000e+00 0.000000000000000000e+00 0.000000000000000000e+00
3.039772727272768010e-02 -2.775787977399378215e-01 -5.074129772015092965e-02 8.512730471229693063e-02 2.589051614146183899e-01 -1.771579478986018072e-02
-0.000000000000000000e+00 0.000000000000000000e+00 0.000000000000000000e+00 0.000000000000000000e+00 0.000000000000000000e+00 0.000000000000000000e+00
2.605113636363629581e-01 5.156510365396734796e-01 3.861300776325599093e-01 2.858351423797284019e-01 -7.656297011305916722e-02 -7.369144873314968924e-01
-0.000000000000000000e+00 0.000000000000000000e+00 0.000000000000000000e+00 0.000000000000000000e+00 0.000000000000000000e+00 0.000000000000000000e+00
1.335227272727296244e-02 -1.550751598640594808e-01 2.309076855474877510e-01 -7.407123919816067936e-02 -1.419381357164031521e-01 5.456677137473333120e-03
-0.000000000000000000e+00 0.000000000000000000e+00 0.000000000000000000e+00 0.000000000000000000e+00 0.000000000000000000e+00 0.000000000000000000e+00
-0.000000000000000000e+00 0.000000000000000000e+00 0.000000000000000000e+00 0.000000000000000000e+00 0.000000000000000000e+00 0.000000000000000000e+00
3.522727272727273901e-02 7.698205636333875848e-03 -1.784332411720873923e-01 -1.120298833343280065e-01 -6.806238965675558139e-02 1.249304543121695088e-01
-0.000000000000000000e+00 0.000000000000000000e+00 0.000000000000000000e+00 0.000000000000000000e+00 0.000000000000000000e+00 0.000000000000000000e+00
-0.000000000000000000e+00 0.000000000000000000e+00 0.000000000000000000e+00 0.000000000000000000e+00 0.000000000000000000e+00 0.000000000000000000e+00
1.017045454545452698e-01 2.185413626767163109e-01 2.556440355955226784e-01 2.208913775304125193e-01 9.525393629681324498e-03 -2.027299170391370087e-01
-0.000000000000000000e+00 0.000000000000000000e+00 0.000000000000000000e+00 0.000000000000000000e+00 0.000000000000000000e+00 0.000000000000000000e+00
-0.000000000000000000e+00 0.000000000000000000e+00 0.000000000000000000e+00 0.000000000000000000e+00 0.000000000000000000e+00 0.000000000000000000e+00
-0.000000000000000000e+00 0.000000000000000000e+00 0.000000000000000000e+00 0.000000000000000000e+00 0.000000000000000000e+00 0.000000000000000000e+00
-0.000000000000000000e+00 0.000000000000000000e+00 0.000000000000000000e+00 0.000000000000000000e+00 0.000000000000000000e+00 0.000000000000000000e+00
-0.000000000000000000e+00 0.000000000000000000e+00 0.000000000000000000e+00 0.000000000000000000e+00 0.000000000000000000e+00 0.000000000000000000e+00
-0.000000000000000000e+00 0.000000000000000000e+00 0.000000000000000000e+00 0.000000000000000000e+00 0.000000000000000000e+00 0.000000000000000000e+00
4.914772727272769676e-02 -4.054090328402254473e-01 -2.516720590612592789e-01 1.664667701990768800e-01 3.868620550705173522e-01 -1.363501861183782048e-02
-0.000000000000000000e+00 0.000000000000000000e+00 0.000000000000000000e+00 0.000000000000000000e+00 0.000000000000000000e+00 0.000000000000000000e+00
-0.000000000000000000e+00 0.000000000000000000e+00 0.000000000000000000e+00 0.000000000000000000e+00 0.000000000000000000e+00 0.000000000000000000e+00
-0.000000000000000000e+00 0.000000000000000000e+00 0.000000000000000000e+00 0.000000000000000000e+00 0.000000000000000000e+00 0.000000000000000000e+00
-0.000000000000000000e+00 0.000000000000000000e+00 0.000000000000000000e+00 0.000000000000000000e+00 0.000000000000000000e+00 0.000000000000000000e+00
2.610795454545449257e-01 4.787820742882959446e-01 -2.314956946306592073e-02 -7.985381703001237508e-01 6.855807067003529820e-01 4.335796963228115697e-01
-0.000000000000000000e+00 0.000000000000000000e+00 0.000000000000000000e+00 0.000000000000000000e+00 0.000000000000000000e+00 0.000000000000000000e+00
5.482954545454568618e-02 -2.077131245100598544e-01 -5.678038807286339695e-01 3.144810619626126069e-02 -3.016901952093625217e-01 4.625139306180536813e-02
3.267045454545506461e-02 -3.565219397469094886e-01 3.775509852771182784e-01 -9.542141446332459698e-02 -1.451240647300870990e-01 2.940630922647236023e-03
5.738636363636348547e-02 1.311564461460278663e-01 2.452670104898601044e-01 4.036958804940178336e-01 -1.735786974748784184e-01 4.424318809139690667e-01
3.693181818181810305e-03 5.521184836549905030e-03 -8.341702465501527400e-03 -2.297456757255298895e-02 1.308834284974297497e-02 4.442044851243462378e-02
-0.000000000000000000e+00 0.000000000000000000e+00 0.000000000000000000e+00 0.000000000000000000e+00 0.000000000000000000e+00 0.000000000000000000e+00
-0.000000000000000000e+00 0.000000000000000000e+00 0.000000000000000000e+00 0.000000000000000000e+00 0.000000000000000000e+00 0.000000000000000000e+00
-0.000000000000000000e+00 0.000000000000000000e+00 0.000000000000000000e+00 0.000000000000000000e+00 0.000000000000000000e+00 0.000000000000000000e+00
5.653409090909087414e-02 5.124074238351945983e-03 -2.993740261687095061e-01 -4.635997557657629137e-02 -3.301426132847572470e-01 -1.032452581839220368e-01
