4.934210526315667119e-04 4.157282371749938983e-03 -3.795047931313891634e-03 -1.894522538839105760e-03 1.315065713654634439e-04 -1.663377785942275191e-03
3.700657894736888304e-04 -1.573790946833918169e-03 -1.833908606861724697e-03 1.970593842774702106e-03 1.238995056978723069e-03 1.326425688081696004e-04
3.227796052631599216e-02 -5.463567065147813956e-02 1.416885996809416071e-01 -1.842508428242865259e-01 6.096823033507569045e-01 -5.180450001355394601e-02
1.233552631578924532e-03 6.111601508003094811e-03 1.037648918848373993e-02 1.047720335492310396e-02 -5.402591152169844424e-03 -3.442048520994851063e-02
6.332236842105327945e-03 -2.060868161049309033e-02 4.451419940335695131e-04 -1.359137491603321091e-02 -4.441894619406600020e-02 -4.031828101542989616e-03
3.622532894736787967e-02 1.889170207858510697e-01 1.597698690211044048e-01 1.550680841351750605e-01 -2.282669971990693505e-02 3.339943800150240172e-01
1.891447368420972643e-03 1.653863099337624792e-02 -1.749941146620618768e-02 -9.594949482630017734e-03 1.557324953118067014e-03 -3.494229161990437121e-02
1.373355263157909588e-02 -5.553867515660781268e-02 -5.305552107721151628e-02 5.030733848853021634e-02 1.093415134206640951e-02 2.914693457649749578e-04
4.111842105263356347e-05 3.597014871791413522e-04 -3.812429832668483743e-04 -2.092380179849731212e-04 3.415854924167078762e-05 -7.679239770033553878e-04
0.000000000000000000e+00 0.000000000000000000e+00 0.000000000000000000e+00 0.000000000000000000e+00 0.000000000000000000e+00 0.000000000000000000e+00
1.011513157894724547e-02 4.859854833315833261e-02 7.926504077715303132e-02 7.591886716747049679e-02 -2.830198641970111187e-02 -1.719255184626605759e-01
3.186677631578964387e-02 -7.830949078784436856e-02 8.643232835918070178e-02 -1.596560173790811943e-01 -1.504017033830489236e-01 4.978875540467877494e-04
0.000000000000000000e+00 0.000000000000000000e+00 0.000000000000000000e+00 0.000000000000000000e+00 0.000000000000000000e+00 0.000000000000000000e+00
8.918585526315893353e-02 -3.710226427723247733e-01 -3.976777925283190296e-01 4.065698719415629103e-01 1.814972966251965636e-01 1.712824138571767546e-02
3.593749999999935191e-02 2.758710561089605662e-01 -1.577697722712764206e-01 -5.007325979125581972e-02 -1.513464163210230008e-02 4.194810406209594777e-01
1.422697368421060350e-02 -1.686259993154433715e-02 5.990879182890716109e-02 -6.059497955473815839e-02 -2.785630802453379143e-02 2.400342308104197117e-02
1.780427631578936423e-02 6.319891949380264384e-02 1.256424571382673827e-01 7.746684447455699785e-02 4.993764229113027697e-02 1.139808450725041632e-02
3.762335526315691708e-02 3.256077918683908945e-01 -3.315639374340464407e-01 -1.777878310484557467e-01 2.503622258950953527e-02 -5.333538147730706447e-01
3.778782894736876924e-02 -1.221053155956454556e-01 -3.123899594438979670e-03 -6.381123148311181048e-02 -1.511700171135710591e-01 -1.756903000799940259e-02
1.875000000000012074e-02 -3.428905647943567697e-02 8.022470380407725754e-02 -1.097355834525344659e-01 4.135315311543321659e-01 -3.944924703062285126e-02
0.000000000000000000e+00 0.000000000000000000e+00 0.000000000000000000e+00 0.000000000000000000e+00 0.000000000000000000e+00 0.000000000000000000e+00
3.544407894736885389e-02 -1.487502216252179765e-01 -1.648925719330754380e-01 1.720369765900460757e-01 8.913873375661264531e-02 8.712283963791114111e-03
8.223684210526395564e-04 -2.607082696092499329e-03 3.352346293468992026e-04 -2.118063848850807677e-03 -5.885905460159596495e-03 -4.833579018652414097e-04
6.620065789473588563e-03 4.421450752369918136e-02 -3.409899075827829348e-03 8.299111521613194986e-03 -4.953767947788434954e-03 1.080919036787776621e-01
5.291940789473616180e-02 2.470924973215199438e-01 3.549951887858857069e-01 3.134864246831967627e-01 -4.560469818536689451e-02 -1.082275462029050339e-01
6.990131578947133195e-04 6.127971526573601849e-03 -6.548146412224442429e-03 -3.611487954781267534e-03 6.100874075797206673e-04 -1.390714128375687350e-02
1.965460526315756379e-02 9.670909474606637080e-02 1.581197986943223277e-01 1.569200325154189168e-01 -7.217360472347093825e-02 -4.365968529390086283e-01
0.000000000000000000e+00 0.000000000000000000e+00 0.000000000000000000e+00 0.000000000000000000e+00 0.000000000000000000e+00 0.000000000000000000e+00
7.878289473684291222e-02 -1.944166566768972537e-01 2.100170317458775748e-01 -3.867452498597979682e-01 -2.112860397657962408e-01 -1.306186988985974864e-02
1.562499999999984257e-03 1.347618262870618235e-02 -1.353327282537511271e-02 -7.192179860088499486e-03 9.408633126152420771e-04 -1.934724402217273889e-02
2.208059210526293684e-02 6.648872709924184832e-02 1.320266905974340488e-01 5.825789375733218811e-02 3.856832367298076991e-02 8.952622876238025551e-02
5.522203947368237165e-02 4.582355744626267491e-01 -3.927467350000474755e-01 -1.878685575268809194e-01 6.810879824545660634e-03 1.031110193098071616e-03
0.000000000000000000e+00 0.000000000000000000e+00 0.000000000000000000e+00 0.000000000000000000e+00 0.000000000000000000e+00 0.000000000000000000e+00
9.708059210526437388e-02 -3.890196492221899560e-01 -3.570636840635441622e-01 3.288729535452125652e-01 3.814614848252707163e-02 -1.409364699967423189e-03
1.521381578947364650e-02 3.026600031474290312e-02 9.485428286793766428e-02 1.830789060896986439e-02 9.039527034498001656e-02 4.902386926083340118e-02
7.121710526315844225e-02 -2.150695256197788230e-01 6.733123908263245749e-02 -2.274848958008795496e-01 -4.685309517848735839e-01 -3.632767199977848804e-02
7.754934210526363836e-02 -1.619757369572482897e-01 2.633446749540324094e-01 -4.057920664042328762e-01 -2.664784954008648787e-01 4.233294718906408655e-02
2.203947368421080646e-02 -9.339571508481032958e-02 -1.073897174633550167e-01 1.144924312611084460e-01 6.839663206692528363e-02 7.170189005267014679e-03
1.052631578947380714e-02 -3.959928328164016159e-02 -2.658651006535368497e-02 1.840972212713001474e-02 -9.460326569405923258e-03 -2.285399239003696632e-03
4.235197368420980796e-03 2.347554177861732247e-02 1.767699803979864287e-02 1.945422577499319669e-02 -6.175995471188367066e-03 2.696858050321571457e-02
5.756578947368363054e-04 2.905819105126276197e-03 4.495506971970954918e-03 4.580339144785314925e-03 -2.303725984685298100e-03 -1.296551856038642356e-02
2.335526315789441046e-02 1.480026329744445202e-01 2.226348317539491792e-02 5.410332761988943806e-02 -2.220548372283463398e-02 4.014065558494219199e-01
1.850328947368437907e-02 -6.657530733591206229e-02 -3.034248060504326355e-02 7.012199189765575859e-03 -6.601618269691930663e-02 -6.650853763498120602e-03
