-0.000000000000000000e+00 0.000000000000000000e+00 0.000000000000000000e+00 0.000000000000000000e+00 0.000000000000000000e+00 0.000000000000000000e+00
1.249999999999999809e-03 -3.166126193263147249e-03 -5.937789159472607603e-03 7.419719029513187000e-03 5.275016421791336660e-03 3.175333376786605298e-04
2.916666666666659861e-03 1.941515938367115515e-02 -3.805807151085358660e-03 1.053952165387635198e-02 -2.170217379883975298e-02 -1.914433964047809397e-02
-0.000000000000000000e+00 0.000000000000000000e+00 0.000000000000000000e+00 0.000000000000000000e+00 0.000000000000000000e+00 0.000000000000000000e+00
7.500000000000002325e-03 7.312361457241843207e-03 7.733420818277270126e-02 2.820802353789175418e-02 9.113647051197264204e-02 -2.074941854922957366e-02
-0.000000000000000000e+00 0.000000000000000000e+00 0.000000000000000000e+00 0.000000000000000000e+00 0.000000000000000000e+00 0.000000000000000000e+00
-0.000000000000000000e+00 0.000000000000000000e+00 0.000000000000000000e+00 0.000000000000000000e+00 0.000000000000000000e+00 0.000000000000000000e+00
2.312500000000003442e-02 -4.543279690087909106e-02 -5.321361550156758621e-04 -5.844530408131633908e-02 -5.765371052820392889e-02 3.207103428497704543e-03
-0.000000000000000000e+00 0.000000000000000000e+00 0.000000000000000000e+00 0.000000000000000000e+00 0.000000000000000000e+00 0.000000000000000000e+00
-0.000000000000000000e+00 0.000000000000000000e+00 0.000000000000000000e+00 0.000000000000000000e+00 0.000000000000000000e+00 0.000000000000000000e+00
-0.000000000000000000e+00 0.000000000000000000e+00 0.000000000000000000e+00 0.000000000000000000e+00 0.000000000000000000e+00 0.000000000000000000e+00
3.874999999999989564e-02 2.432037563136403291e-01 -1.673362138689731687e-02 1.476756794011219176e-01 -2.737201492066472786e-01 4.946649359319857941e-01
-0.000000000000000000e+00 0.000000000000000000e+00 0.000000000000000000e+00 0.000000000000000000e+00 0.000000000000000000e+00 0.000000000000000000e+00
2.572916666666670849e-01 -5.739823426683455798e-01 -5.276297017684904445e-01 2.681274372720704458e-01 1.361726736116317948e-01 -1.712153641045255012e-02
-0.000000000000000000e+00 0.000000000000000000e+00 0.000000000000000000e+00 0.000000000000000000e+00 0.000000000000000000e+00 0.000000000000000000e+00
9.791666666666649921e-03 7.696957407415672137e-02 -7.727920056853958275e-02 -1.088640897424491966e-01 1.655343658126547657e-01 3.919187789918895382e-01
-0.000000000000000000e+00 0.000000000000000000e+00 0.000000000000000000e+00 0.000000000000000000e+00 0.000000000000000000e+00 0.000000000000000000e+00
-0.000000000000000000e+00 0.000000000000000000e+00 0.000000000000000000e+00 0.000000000000000000e+00 0.000000000000000000e+00 0.000000000000000000e+00
5.645833333333330484e-02 1.052518166657905735e-02 3.810248539106205756e-01 -6.157794966443292523e-02 1.111091745930351121e-01 2.954639677030081093e-03
-0.000000000000000000e+00 0.000000000000000000e+00 0.000000000000000000e+00 0.000000000000000000e+00 0.000000000000000000e+00 0.000000000000000000e+00
-0.000000000000000000e+00 0.000000000000000000e+00 0.000000000000000000e+00 0.000000000000000000e+00 0.000000000000000000e+00 0.000000000000000000e+00
8.458333333333331594e-02 -1.993088015206747610e-01 -2.395431299507816969e-01 1.260596350768318219e-01 2.879750889214152329e-02 9.605317961354555359e-03
-0.000000000000000000e+00 0.000000000000000000e+00 0.000000000000000000e+00 0.000000000000000000e+00 0.000000000000000000e+00 0.000000000000000000e+00
-0.000000000000000000e+00 0.000000000000000000e+00 0.000000000000000000e+00 0.000000000000000000e+00 0.000000000000000000e+00 0.000000000000000000e+00
-0.000000000000000000e+00 0.000000000000000000e+00 0.000000000000000000e+00 0.000000000000000000e+00 0.000000000000000000e+00 0.000000000000000000e+00
-0.000000000000000000e+00 0.000000000000000000e+00 0.000000000000000000e+00 0.000000000000000000e+00 0.000000000000000000e+00 0.000000000000000000e+00
-0.000000000000000000e+00 0.000000000000000000e+00 0.000000000000000000e+00 0.000000000000000000e+00 0.000000000000000000e+00 0.000000000000000000e+00
-0.000000000000000000e+00 0.000000000000000000e+00 0.000000000000000000e+00 0.000000000000000000e+00 0.000000000000000000e+00 0.000000000000000000e+00
6.999999999999990952e-02 4.162178644829765406e-01 1.721602303630393946e-02 2.375682910267453707e-01 -3.678584056608606434e-01 -5.609720824075309364e-02
-0.000000000000000000e+00 0.000000000000000000e+00 0.000000000000000000e+00 0.000000000000000000e+00 0.000000000000000000e+00 0.000000000000000000e+00
-0.000000000000000000e+00 0.000000000000000000e+00 0.000000000000000000e+00 0.000000000000000000e+00 0.000000000000000000e+00 0.000000000000000000e+00
-0.000000000000000000e+00 0.000000000000000000e+00 0.000000000000000000e+00 0.000000000000000000e+00 0.000000000000000000e+00 0.000000000000000000e+00
-0.000000000000000000e+00 0.000000000000000000e+00 0.000000000000000000e+00 0.000000000000000000e+00 0.000000000000000000e+00 0.000000000000000000e+00
2.020833333333335591e-01 -3.667925773997721683e-01 1.997042033713168629e-01 -8.043643634439929802e-01 -7.139514346894115793e-01 2.764316544714806936e-02
-0.000000000000000000e+00 0.000000000000000000e+00 0.000000000000000000e+00 0.000000000000000000e+00 0.000000000000000000e+00 0.000000000000000000e+00
6.645833333333320270e-02 1.258587790086234393e-01 4.776569133179797699e-01 1.423284090718959505e-01 2.187164110582892895e-01 -5.179243269445864967e-03
6.354166666666652419e-02 4.660201312382941108e-01 -3.137596191724233430e-01 -2.420586128295094119e-01 2.460447842651966588e-01 -7.704330324521220241e-01
5.895833333333333481e-02 -1.471956636000878449e-01 -2.557832501626789434e-01 2.939095317760526127e-01 2.017890523012520754e-01 1.069181875408736423e-02
3.333333333333350895e-03 -3.930381966189169622e-03 1.545079413357506454e-02 -2.175478165117007354e-02 -1.362341395515562735e-02 1.419247287659668654e-03
-0.000000000000000000e+00 0.000000000000000000e+00 0.000000000000000000e+00 0.000000000000000000e+00 0.000000000000000000e+00 0.000000000000000000e+00
-0.000000000000000000e+00 0.000000000000000000e+00 0.000000000000000000e+00 0.000000000000000000e+00 0.000000000000000000e+00 0.000000000000000000e+00
-0.000000000000000000e+00 0.000000000000000000e+00 0.000000000000000000e+00 0.000000000000000000e+00 0.000000000000000000e+00 0.000000000000000000e+00
5.395833333333332343e-02 -2.571411737596961469e-02 2.726172595228189555e-01 3.522885356687140840e-02 2.439338303711535982e-01 -5.369776225485028281e-02
