-0.000000000000000000e+00 0.000000000000000000e+00 0.000000000000000000e+00 0.000000000000000000e+00 0.000000000000000000e+00 0.000000000000000000e+00
1.874999999999997329e-03 3.938563244253334532e-03 8.333561778030582415e-03 1.196269743418613453e-02 -1.384850434712224000e-02 1.060263044393825425e-02
-0.000000000000000000e+00 0.000000000000000000e+00 0.000000000000000000e+00 0.000000000000000000e+00 0.000000000000000000e+00 0.000000000000000000e+00
-0.000000000000000000e+00 0.000000000000000000e+00 0.000000000000000000e+00 0.000000000000000000e+00 0.000000000000000000e+00 0.000000000000000000e+00
1.125000000000006550e-02 -4.258465161619846145e-02 -1.604034849396824836e-01 4.200842009571003483e-02 3.552311186233811369e-02 2.800328677234567576e-01
-0.000000000000000000e+00 0.000000000000000000e+00 0.000000000000000000e+00 0.000000000000000000e+00 0.000000000000000000e+00 0.000000000000000000e+00
-0.000000000000000000e+00 0.000000000000000000e+00 0.000000000000000000e+00 0.000000000000000000e+00 0.000000000000000000e+00 0.000000000000000000e+00
3.468750000000000999e-02 5.316719920167854024e-02 2.029376769627472266e-02 -6.130355655091056233e-02 2.465362962675389166e-02 -7.060820518637274390e-02
-0.000000000000000000e+00 0.000000000000000000e+00 0.000000000000000000e+00 0.000000000000000000e+00 0.000000000000000000e+00 0.000000000000000000e+00
-0.000000000000000000e+00 0.000000000000000000e+00 0.000000000000000000e+00 0.000000000000000000e+00 0.000000000000000000e+00 0.000000000000000000e+00
-0.000000000000000000e+00 0.000000000000000000e+00 0.000000000000000000e+00 0.000000000000000000e+00 0.000000000000000000e+00 0.000000000000000000e+00
9.375000000000133010e-04 -1.469127838047955270e-02 -4.425302672853431707e-03 2.776724440473846145e-03 -6.902870872769299726e-03 -1.118590966154539706e-01
-0.000000000000000000e+00 0.000000000000000000e+00 0.000000000000000000e+00 0.000000000000000000e+00 0.000000000000000000e+00 0.000000000000000000e+00
2.865624999999997757e-01 4.775394299708712320e-01 4.571285425099976263e-01 2.394472145138671626e-01 7.284973578186406673e-01 -3.382349330197662041e-01
-0.000000000000000000e+00 0.000000000000000000e+00 0.000000000000000000e+00 0.000000000000000000e+00 0.000000000000000000e+00 0.000000000000000000e+00
1.875000000000012507e-03 -4.703613708009968253e-02 2.650065298477948320e-02 -4.937226119580150757e-03 4.777903075778277761e-03 6.511605155731821359e-02
-0.000000000000000000e+00 0.000000000000000000e+00 0.000000000000000000e+00 0.000000000000000000e+00 0.000000000000000000e+00 0.000000000000000000e+00
-0.000000000000000000e+00 0.000000000000000000e+00 0.000000000000000000e+00 0.000000000000000000e+00 0.000000000000000000e+00 0.000000000000000000e+00
3.875000000000003442e-02 -2.231185096935173542e-02 -2.041755763018745784e-01 -7.123032464092070304e-02 -1.136775204030241043e-01 1.202557842377400543e-01
-0.000000000000000000e+00 0.000000000000000000e+00 0.000000000000000000e+00 0.000000000000000000e+00 0.000000000000000000e+00 0.000000000000000000e+00
-0.000000000000000000e+00 0.000000000000000000e+00 0.000000000000000000e+00 0.000000000000000000e+00 0.000000000000000000e+00 0.000000000000000000e+00
1.118749999999998218e-01 2.119815040612643975e-01 2.955166057094652521e-01 1.781441505408842274e-01 1.794464504078475409e-01 -3.847736570206541362e-01
-0.000000000000000000e+00 0.000000000000000000e+00 0.000000000000000000e+00 0.000000000000000000e+00 0.000000000000000000e+00 0.000000000000000000e+00
-0.000000000000000000e+00 0.000000000000000000e+00 0.000000000000000000e+00 0.000000000000000000e+00 0.000000000000000000e+00 0.000000000000000000e+00
-0.000000000000000000e+00 0.000000000000000000e+00 0.000000000000000000e+00 0.000000000000000000e+00 0.000000000000000000e+00 0.000000000000000000e+00
-0.000000000000000000e+00 0.000000000000000000e+00 0.000000000000000000e+00 0.000000000000000000e+00 0.000000000000000000e+00 0.000000000000000000e+00
-0.000000000000000000e+00 0.000000000000000000e+00 0.000000000000000000e+00 0.000000000000000000e+00 0.000000000000000000e+00 0.000000000000000000e+00
-0.000000000000000000e+00 0.000000000000000000e+00 0.000000000000000000e+00 0.000000000000000000e+00 0.000000000000000000e+00 0.000000000000000000e+00
1.531250000000018707e-02 -2.189206522756401152e-01 -5.108437118904129298e-02 2.535726653233404473e-02 -3.485330801347842622e-02 -4.710560990235581058e-01
-0.000000000000000000e+00 0.000000000000000000e+00 0.000000000000000000e+00 0.000000000000000000e+00 0.000000000000000000e+00 0.000000000000000000e+00
-0.000000000000000000e+00 0.000000000000000000e+00 0.000000000000000000e+00 0.000000000000000000e+00 0.000000000000000000e+00 0.000000000000000000e+00
-0.000000000000000000e+00 0.000000000000000000e+00 0.000000000000000000e+00 0.000000000000000000e+00 0.000000000000000000e+00 0.000000000000000000e+00
-0.000000000000000000e+00 0.000000000000000000e+00 0.000000000000000000e+00 0.000000000000000000e+00 0.000000000000000000e+00 0.000000000000000000e+00
2.871874999999995959e-01 4.206427149296719792e-01 1.937156262353847622e-02 -8.562143271835085390e-01 -4.578904799746951193e-01 3.006844048761636232e-02
-0.000000000000000000e+00 0.000000000000000000e+00 0.000000000000000000e+00 0.000000000000000000e+00 0.000000000000000000e+00 0.000000000000000000e+00
5.281250000000031058e-02 -2.805981482516198833e-01 -6.022650850835972181e-01 1.276455386684196003e-01 -4.565985144694472558e-02 -1.750897219073790090e-01
2.750000000000037137e-02 -6.293835521231571084e-01 2.746997369531007926e-01 -4.048640982958875284e-02 2.166248060195850866e-02 2.462328424090974022e-01
6.312499999999988953e-02 1.319477356496792653e-01 2.738669311657441208e-01 3.816841549891444307e-01 -4.289866748059757984e-01 3.061052842386771666e-01
4.062499999999996669e-03 4.116022925907156065e-03 -8.629055217927169424e-03 -2.264408446953833712e-02 -4.338058944095456865e-02 3.049790234025494262e-02
-0.000000000000000000e+00 0.000000000000000000e+00 0.000000000000000000e+00 0.000000000000000000e+00 0.000000000000000000e+00 0.000000000000000000e+00
-0.000000000000000000e+00 0.000000000000000000e+00 0.000000000000000000e+00 0.000000000000000000e+00 0.000000000000000000e+00 0.000000000000000000e+00
-0.000000000000000000e+00 0.000000000000000000e+00 0.000000000000000000e+00 0.000000000000000000e+00 0.000000000000000000e+00 0.000000000000000000e+00
6.218750000000007605e-02 -4.780689928676876838e-02 -3.447284860159518516e-01 4.778976157902752042e-02 1.506388659116469353e-01 4.627099093350858783e-01
