4.261363636363269154e-04 3.184600071194132291e-03 -2.332123282753650103e-03 -2.719403068213183811e-03 2.651352997216546150e-04 -2.129785052088640183e-03
3.196022727272744058e-04 -1.407749820098284661e-03 -2.030296491355698327e-03 1.405333457582993778e-03 1.369919427298277965e-03 3.820127965820300348e-05
3.203125000000100336e-02 -6.073492772636933379e-02 1.757199672405617974e-01 -1.393414235628181175e-01 5.869439771365210223e-01 3.195525733471910046e-02
1.065340909090941104e-03 5.105680499060927593e-03 5.626356061622556776e-03 1.275726355812671284e-02 -4.745831248462829138e-03 -2.352755171787099600e-02
5.681818181818300804e-03 -1.910739707605054599e-02 4.246658498499172874e-03 -1.266871917180514145e-02 -4.923532111012147994e-02 -1.546012788736014906e-03
4.204545454545469130e-02 2.130985103544726367e-01 9.999783274765777774e-02 2.332455112211648252e-01 -4.134342316825451863e-02 3.189121672164508814e-01
1.633522727272549574e-03 1.265284264883380881e-02 -1.090878255916947516e-02 -1.398531989127684005e-02 3.269652225778768139e-03 -3.672009833513625171e-02
1.189630681818188221e-02 -4.969636601588738045e-02 -5.624039319815217486e-02 3.376972631035481121e-02 7.814723181120220366e-03 1.173194217896253818e-04
7.102272727272125196e-05 5.393353487685758132e-04 -4.257547242526118526e-04 -5.194639979442225485e-04 8.262187505126082881e-05 -8.310050995709200887e-04
0.000000000000000000e+00 0.000000000000000000e+00 0.000000000000000000e+00 0.000000000000000000e+00 0.000000000000000000e+00 0.000000000000000000e+00
8.735795454545745853e-03 4.024037450232524626e-02 4.428276476807958134e-02 9.415750952087190151e-02 -2.412047680867680788e-02 -1.339742583284231625e-01
3.206676136363723756e-02 -8.256603072437783408e-02 1.257317027315452973e-01 -1.352613487938704173e-01 -1.249595188982181720e-01 -3.191675371380414857e-03
8.877840909090614976e-04 5.478196928359990725e-03 -3.557662201319369117e-04 1.909747288439642881e-03 -2.000029889658351285e-03 1.924047829663105488e-02
8.441051136363669771e-02 -3.633276313570887317e-01 -4.738645614447873355e-01 3.104504437019036112e-01 2.045096795906632126e-01 5.147457338914207710e-03
4.438920454545173394e-02 3.035832477188362688e-01 -1.337157929185980310e-01 -9.972122462993474046e-02 -3.766941264765753805e-02 4.735861934566604203e-01
1.313920454545493104e-02 -1.555525963187628924e-02 6.741878969336677352e-02 -3.363901766678347588e-02 6.805671656276059654e-03 -2.392569506393374054e-03
1.605113636363681220e-02 5.048317979110472642e-02 8.447980357866137491e-02 1.076756063632883786e-01 6.159854640415939747e-02 -6.606357167306094180e-02
3.366477272726887959e-02 2.579071684159121025e-01 -2.121435116053476677e-01 -2.652398172219077033e-01 5.256647945838029135e-02 -5.680270645328405754e-01
3.888494318181880127e-02 -1.286843962846376810e-01 2.540891917799407984e-02 -7.474949948317805015e-02 -2.018363918301339655e-01 -5.317120852118779883e-03
1.669034090909148060e-02 -3.411511450252187327e-02 9.106188195029793486e-02 -7.684224934190450607e-02 3.673010928385815888e-01 2.125616338384182444e-02
0.000000000000000000e+00 0.000000000000000000e+00 0.000000000000000000e+00 0.000000000000000000e+00 0.000000000000000000e+00 0.000000000000000000e+00
3.249289772727288750e-02 -1.411204162124079509e-01 -1.914663009047201103e-01 1.282019143008981399e-01 9.921405015705972441e-02 2.619680760054745802e-03
7.102272727272876006e-04 -2.335075980691563372e-03 7.982926310293094602e-04 -1.787089281478946006e-03 -6.073908449513374698e-03 -1.897730500658786489e-04
6.995738636363336635e-03 4.417617527084614915e-02 -9.018539982135790126e-03 2.627520080202582799e-03 -8.130929735044279197e-03 9.301242257657352241e-02
4.662642045454659656e-02 2.076686152981060685e-01 2.042676288933339690e-01 3.981318526647454337e-01 -3.537413507993814737e-02 -1.895105961760915059e-01
6.036931818181112209e-04 4.687937852188423654e-03 -4.086751745353697611e-03 -5.271099204698850328e-03 1.286064973216954031e-03 -1.459906147940034579e-02
1.875000000000050585e-02 8.939060561740203026e-02 9.295649159890581603e-02 2.071709143771814920e-01 -6.772231508679749101e-02 -3.142023296774750230e-01
1.598011363636303236e-03 1.031096325020643655e-02 -2.106648944095428598e-03 1.246116054826365907e-03 -3.677800656974465447e-03 3.964709135511501614e-02
8.348721590909308210e-02 -2.162339255132638971e-01 3.208392529892853950e-01 -3.451847760919646846e-01 -1.926153045436233002e-01 -1.552274921417890526e-03
1.349431818181658603e-03 1.031427305570016724e-02 -8.392190706815617213e-03 -1.042440551077988484e-02 1.951279304245257017e-03 -2.072222865450681212e-02
2.102272727272777239e-02 5.433463115738801363e-02 9.861852699893865204e-02 9.196199202054018695e-02 5.974010954331732126e-02 4.496048813298455377e-03
6.825284090908466383e-02 5.020841990715622094e-01 -3.409626435413530277e-01 -3.792278890825665494e-01 1.673912193190722070e-02 -4.134747689758384165e-02
0.000000000000000000e+00 0.000000000000000000e+00 0.000000000000000000e+00 0.000000000000000000e+00 0.000000000000000000e+00 0.000000000000000000e+00
8.835227272727323722e-02 -3.657673663008892406e-01 -3.949865561120542434e-01 2.295467903959159395e-01 1.389407919682378832e-02 -5.166163726658666057e-04
1.495028409090952241e-02 1.969847420516211006e-02 8.068702376409987720e-02 3.864328076434862813e-02 9.821340181877194486e-02 -1.856481836397791407e-02
7.173295454545615402e-02 -2.237710860130710522e-01 1.365809255524301213e-01 -2.203495649828815239e-01 -5.537735304654990420e-01 -1.648406828934764409e-02
7.397017045454751250e-02 -1.592749188390354675e-01 3.409705691834483132e-01 -2.997863431981025450e-01 -1.517704753370862913e-01 -9.694847811674060789e-03
1.903409090909095533e-02 -8.352713084963750423e-02 -1.185409089363567842e-01 8.134214513415297110e-02 7.474566102525531663e-02 2.055433657562352832e-03
1.086647727272739040e-02 -4.176844742149175144e-02 -2.837590317172283480e-02 1.024151785545831736e-02 -1.950327876544209055e-02 -5.174195291809830779e-04
9.197443181818197241e-03 4.838865853859238009e-02 2.191188301409273051e-02 5.660382124874433624e-02 -1.687167102357946605e-02 5.294950736376718287e-02
4.971590909091010493e-04 2.422191091737355747e-03 2.412088452794654801e-03 5.541176132465235916e-03 -2.057899191634196979e-03 -8.662880790756236071e-03
2.812499999999937966e-02 1.681656069314851620e-01 -1.569016434575264997e-03 6.661835581535220652e-02 -4.273328569969819801e-02 4.175859174903370219e-01
1.729403409090929378e-02 -6.492222734942215689e-02 -3.249491660297400969e-02 3.470115915567814451e-03 -7.209632740812246809e-02 -2.334234473611577175e-03
