4.464285714285651805e-04 3.424986560310399730e-03 -2.806353636614895928e-03 -2.637355039893086311e-03 2.588963783356936616e-04 -2.151515070047559878e-03
3.348214285714321524e-04 -1.446108261427965849e-03 -1.983366371021075703e-03 1.606371220462218244e-03 1.167500511490543198e-03 4.656122725353791794e-05
3.013392857142833947e-02 -5.792205028024139529e-02 1.563083220794151129e-01 -1.390662274248695984e-01 6.022679338264697035e-01 1.149596542427538948e-02
1.116071428571410945e-03 5.658522727738376536e-03 6.873194798535576210e-03 1.153259094217340755e-02 -5.261105128713004092e-03 -2.604827990434059951e-02
5.952380952380972867e-03 -1.993363872168881987e-02 4.454579085345074935e-03 -1.311932932098415494e-02 -4.534025770989717069e-02 -1.806234768972074262e-03
3.917410714285686490e-02 2.067948394685772961e-01 1.141215373631350033e-01 1.935136215208692056e-01 -3.637490098059546068e-02 3.081143400381112230e-01
1.711309523809503201e-03 1.357222315520105124e-02 -1.306855620422668965e-02 -1.325144796379638772e-02 2.990193704384937461e-03 -3.484445504361830676e-02
1.246279761904775518e-02 -5.126420889017660465e-02 -5.546162435467696938e-02 4.016364610844361249e-02 8.448088597856066168e-03 1.529003824466193258e-04
3.720238095238036620e-05 2.951295337144315767e-04 -2.845149709424265368e-04 -2.886354323677945387e-04 6.532782501177340892e-05 -7.616607303708102135e-04
0.000000000000000000e+00 0.000000000000000000e+00 0.000000000000000000e+00 0.000000000000000000e+00 0.000000000000000000e+00 0.000000000000000000e+00
9.151785714285624526e-03 4.491798192058790717e-02 5.339306472873349418e-02 8.521478230308060509e-02 -2.724299113504711004e-02 -1.436015438479237849e-01
3.154761904761903962e-02 -8.361411806850449491e-02 1.133352397357310498e-01 -1.386057260310833983e-01 -1.384175290963374771e-01 -2.786233163382466349e-03
8.928571428571438050e-04 5.728600163703481685e-03 -3.860866295517216291e-04 1.472501570899548314e-03 -2.000315910525211991e-03 2.041963576420688375e-02
8.731398809523910343e-02 -3.692975419012942684e-01 -4.594431812375791013e-01 3.563014570246564316e-01 1.780757242379209515e-01 6.429526234815553798e-03
4.185267857142850600e-02 2.945692655682834449e-01 -1.409202900757256793e-01 -9.026186691056796441e-02 -3.481800386396981251e-02 4.635642809826204247e-01
1.287202380952374471e-02 -1.720355248088223030e-02 6.206087347275272142e-02 -4.170613602710295659e-02 -1.430206179622677681e-02 3.798211511083899282e-03
1.681547619047598155e-02 6.094936678404646452e-02 9.608052520150930920e-02 1.022667479224752818e-01 6.344836486317612101e-02 -5.040019776279385660e-02
3.508184523809502325e-02 2.754660836975589833e-01 -2.534255953374274228e-01 -2.519313696577021866e-01 4.854548717665353036e-02 -5.436500278214304593e-01
3.787202380952384845e-02 -1.253249675932777973e-01 2.247512851916311227e-02 -7.010062552865796437e-02 -1.693514939344060166e-01 -6.795362840045824672e-03
1.703869047619034280e-02 -3.477535739130771519e-02 8.784702475317483772e-02 -8.149340972005439387e-02 4.091847567712471601e-01 7.931623990363076762e-03
0.000000000000000000e+00 0.000000000000000000e+00 0.000000000000000000e+00 0.000000000000000000e+00 0.000000000000000000e+00 0.000000000000000000e+00
3.404017857142896397e-02 -1.451459239486519726e-01 -1.876124951064739033e-01 1.480301595446128493e-01 8.669781041753314710e-02 3.246236795835680342e-03
7.440476190476200905e-04 -2.441275962930102537e-03 8.138742108849209836e-04 -1.870580822074648097e-03 -5.664443419270212207e-03 -2.178660941846957591e-04
7.031249999999975020e-03 4.559398009449876915e-02 -8.491373810182395107e-03 2.829421818233630523e-03 -8.234947954758507771e-03 9.982408039825856061e-02
4.862351190476139895e-02 2.317701086957770773e-01 2.436916791879284450e-01 3.629513158880398049e-01 -4.362779340827195595e-02 -1.842355498791701796e-01
6.324404761904641858e-04 5.027472370174219246e-03 -4.893467214256232850e-03 -4.985851328080168413e-03 1.172061416854657846e-03 -1.381058999900690830e-02
1.923363095238071752e-02 9.696695620819022199e-02 1.119214724443873682e-01 1.851818347610054982e-01 -7.460614621015279613e-02 -3.489545021269704894e-01
1.674107142857149269e-03 1.114460292522864021e-02 -2.310690312736962855e-03 8.880531719940810628e-04 -3.738816624303138107e-03 4.279443817921516069e-02
8.593749999999983347e-02 -2.278254371125711941e-01 3.068105903012952607e-01 -3.724441052695143251e-01 -2.016121500231242147e-01 -4.600486318187850185e-03
1.413690476190448617e-03 1.107630777027285122e-02 -1.007872571077276201e-02 -9.965978763487773340e-03 1.815345650302409904e-03 -1.995536985206177935e-02
2.131696428571406773e-02 6.666985191292879032e-02 1.065344623884812852e-01 8.936954548270235887e-02 5.327116201230867182e-02 2.222288148547086131e-02
6.142113095238071335e-02 4.647221215913407977e-01 -3.548205332632230480e-01 -3.218234442530746309e-01 1.661858637566402189e-02 -6.418966131954081944e-02
0.000000000000000000e+00 0.000000000000000000e+00 0.000000000000000000e+00 0.000000000000000000e+00 0.000000000000000000e+00 0.000000000000000000e+00
9.055059523809619315e-02 -3.697290371136436882e-01 -3.840085940050863011e-01 2.718362147439555843e-01 2.646139277593145822e-02 -2.664012356855495131e-04
1.417410714285698842e-02 2.935048267272703099e-02 7.957370583475124881e-02 4.209432578150659743e-02 1.025590700218444035e-01 -5.236106223975934941e-03
7.247023809523826798e-02 -2.268000839678483704e-01 1.303013885220415946e-01 -2.250979039672228454e-01 -4.998293084482994253e-01 -1.835839309520566690e-02
7.518601190476165153e-02 -1.730816147509560421e-01 3.195868619846810588e-01 -3.364180322438599102e-01 -2.183732654240128634e-01 1.788150046336030785e-03
1.994047619047644229e-02 -8.583183722636576751e-02 -1.158952455739956644e-01 9.322465155071529841e-02 6.406748225818155451e-02 2.516693305965831632e-03
9.821428571428635415e-03 -3.736728157260132271e-02 -2.452548197226176591e-02 1.229633982701590703e-02 -1.158536919867265286e-02 -6.362418845497053556e-04
8.630952380952348554e-03 4.762423454933264327e-02 2.409689749189764668e-02 4.558258163489593839e-02 -1.618803683392881429e-02 5.219588528143720429e-02
5.208333333333221588e-04 2.679423354657362293e-03 2.951732601043988331e-03 5.009670128141414935e-03 -2.273234299415967993e-03 -9.656159140632079863e-03
2.745535714285710777e-02 1.692394780461376758e-01 5.329865131846342474e-03 5.905115416859125360e-02 -4.211948753766077413e-02 4.391936259088297656e-01
1.737351190476200957e-02 -6.423798452639202516e-02 -2.814584404996108707e-02 4.651038589899995739e-03 -6.615352588355163932e-02 -2.772198834442592737e-03
