-0.000000000000000000e+00 0.000000000000000000e+00 0.000000000000000000e+00 0.000000000000000000e+00 0.000000000000000000e+00 0.000000000000000000e+00
3.605769230769158870e-04 1.491115340369142915e-03 -1.841843394555266189e-03 -1.050286199806058736e-03 -1.035377239573202941e-03 3.624853953636091031e-04
2.998798076923109637e-02 2.219642761846265383e-02 1.772909064533172985e-01 8.874696288133901434e-02 -6.907646872794069859e-01 -2.405070524615614547e-01
-0.000000000000000000e+00 0.000000000000000000e+00 0.000000000000000000e+00 0.000000000000000000e+00 0.000000000000000000e+00 0.000000000000000000e+00
7.692307692307623346e-03 2.253014355075669620e-02 6.368529111491192524e-03 1.591093245224153852e-02 4.659347516843488635e-02 -1.480109609889167926e-02
4.254807692307806949e-02 -2.913410047429018657e-01 5.729159371713878762e-02 -3.200570067309851385e-01 1.089049325751077629e-01 -1.886291817917783442e-01
4.807692307692367048e-04 -4.994993224702260794e-03 -3.515590177183911501e-03 6.502242212244263922e-03 -1.955538738828820761e-03 9.293124318520104218e-03
1.850961538461507946e-02 7.236981347863857827e-02 -7.300852844849160805e-02 -3.513820754162020471e-02 -1.447912313936367337e-02 1.190270386948836037e-03
6.009615384615461521e-05 -6.279198819093372280e-04 -4.505030824360573222e-04 8.454608992956306112e-04 -2.690233479061170173e-04 1.319765779931457829e-03
-0.000000000000000000e+00 0.000000000000000000e+00 0.000000000000000000e+00 0.000000000000000000e+00 0.000000000000000000e+00 0.000000000000000000e+00
3.786057692307808961e-03 -2.260029528447789551e-02 1.171207582812079477e-02 -4.040292407442618028e-02 1.958221804155630980e-03 4.325630554693417340e-02
3.912259615384621608e-02 7.254563501696262295e-02 1.668797235014010116e-01 1.531711918447718479e-01 1.667082403426507209e-01 8.781735367668946001e-04
-0.000000000000000000e+00 0.000000000000000000e+00 0.000000000000000000e+00 0.000000000000000000e+00 0.000000000000000000e+00 0.000000000000000000e+00
1.046274038461519895e-01 4.213152462740476500e-01 -4.745502752195498442e-01 -2.516801641137604295e-01 -1.830094073373590147e-01 5.353501188120854404e-02
3.016826923076954686e-02 -2.748250037301481763e-01 -1.086116698025572230e-01 9.498487967089344619e-02 6.470491034055625423e-02 -4.693301578227296322e-01
1.995192307692321074e-02 9.305782027430644851e-03 1.005849477327694225e-01 4.344941935947594508e-02 4.599784131541618387e-02 8.685279012336437343e-02
1.171875000000029837e-02 -5.479213971267153649e-02 4.579606526175888231e-02 -9.908733740217041952e-02 -4.675458565785945569e-02 1.691602856554441925e-01
2.812500000000018457e-02 -2.899001299226390271e-01 -1.985907130273300569e-01 3.597414237011151150e-01 -9.961469418744925419e-02 4.510826721318886290e-01
3.521634615384586914e-02 1.065396964104544930e-01 2.242215739671444847e-03 4.387039920121516001e-02 1.118810373510098766e-01 -4.271599468595509153e-02
1.105769230769240719e-02 1.052414448279290898e-02 6.385410689942074003e-02 3.527069694667406274e-02 -2.706925068699362891e-01 -1.060717945847717142e-01
-0.000000000000000000e+00 0.000000000000000000e+00 0.000000000000000000e+00 0.000000000000000000e+00 0.000000000000000000e+00 0.000000000000000000e+00
3.954326923076845884e-02 1.607627752333523341e-01 -1.872107742251314377e-01 -1.019381651257796478e-01 -8.301735539270910236e-02 2.536102261896667695e-02
9.615384615384542193e-04 2.824228818453612417e-03 7.290293916189296295e-04 1.914885543883849701e-03 5.592123060912827792e-03 -1.712449135457298592e-03
5.408653846153937093e-03 -4.372920332256619719e-02 -6.841874151875641796e-03 -1.145036132859233134e-02 1.508788655625205831e-02 -6.580307255048964410e-02
4.615384615384758582e-02 -2.849350889768179074e-01 1.235697916249147849e-01 -4.585817470054964207e-01 5.612235285769715670e-02 3.139332527001737483e-01
-0.000000000000000000e+00 0.000000000000000000e+00 0.000000000000000000e+00 0.000000000000000000e+00 0.000000000000000000e+00 0.000000000000000000e+00
2.223557692307757700e-03 -1.389371543041640657e-02 6.015949396619360220e-03 -2.300206746895088264e-02 3.070016567273215011e-03 1.676187504499023970e-02
-0.000000000000000000e+00 0.000000000000000000e+00 0.000000000000000000e+00 0.000000000000000000e+00 0.000000000000000000e+00 0.000000000000000000e+00
8.161057692307716049e-02 1.573548130932437839e-01 3.303248085276344059e-01 3.066950144268662526e-01 2.333103528633948820e-01 -4.521503660912427891e-02
1.802884615384626110e-03 -1.844047482926588349e-02 -1.227700972081828025e-02 2.170359722917760900e-02 -5.317627815302147960e-03 2.188294650490114554e-02
2.337740384615430780e-02 -9.836079488320352560e-02 8.539196037190673050e-02 -1.493150730789662706e-01 -4.139740125722179975e-02 2.057673144125185261e-01
3.112980769230789396e-02 -3.063771868915111662e-01 -1.766590691917802325e-01 2.750461133449832452e-01 -2.966249906248913729e-02 2.071749445789753188e-02
-0.000000000000000000e+00 0.000000000000000000e+00 0.000000000000000000e+00 0.000000000000000000e+00 0.000000000000000000e+00 0.000000000000000000e+00
1.130408653846134703e-01 4.363431684452620529e-01 -4.186740625029226615e-01 -1.920712984763241205e-01 -5.006379719120919447e-02 -5.617229163971696956e-03
1.778846153846175976e-02 -5.070777053116563848e-02 8.390591638094335725e-02 -8.421513338917234470e-02 -1.547111942234586923e-01 2.141384002186828006e-01
6.286057692307647771e-02 1.681219690326045957e-01 1.054114721372697294e-01 1.594205688093464912e-01 3.393493995043002642e-01 -9.032930417683912583e-02
1.011418269230773964e-01 1.508804701828153350e-01 4.832295943990093656e-01 3.798029685324869065e-01 3.400693645890232597e-01 1.397224940262475901e-01
2.133413461538418571e-02 8.788343205861248730e-02 -1.071168328572500578e-01 -6.045167532812376759e-02 -5.713037684255382886e-02 1.948816719793078009e-02
1.460336538461518528e-02 5.312644744803110552e-02 -3.899245857148390948e-02 -1.271611164051353673e-02 1.033079178289818788e-02 -6.861832874712659076e-03
4.807692307692409441e-03 -3.519196786498598323e-02 2.864143030058946202e-03 -3.128557616939345309e-02 1.617055251485078476e-02 -4.725003647114057320e-02
-0.000000000000000000e+00 0.000000000000000000e+00 0.000000000000000000e+00 0.000000000000000000e+00 0.000000000000000000e+00 0.000000000000000000e+00
2.932692307692362152e-02 -2.313702776854073273e-01 -1.778611896732872066e-02 -1.188115042688090567e-01 1.085667489661625434e-01 -4.503735559225652829e-01
1.947115384615360004e-02 6.597265840238046575e-02 -2.733550616436315056e-02 4.177882286903415905e-03 5.545694742253787918e-02 -1.948605758868392560e-02
