0.000000000000000000e+00 0.000000000000000000e+00 0.000000000000000000e+00 0.000000000000000000e+00 0.000000000000000000e+00 0.000000000000000000e+00
5.067567567567523397e-04 1.696596341353269954e-03 -2.062263729438002131e-03 -5.440073659477187400e-04 -3.156642051315103944e-03 -5.202209686055306488e-03
4.814189189189167772e-03 4.287929879256370189e-03 2.387415966093317521e-02 8.019162958708102307e-03 -1.935900584239723041e-02 2.306972578737500647e-03
0.000000000000000000e+00 0.000000000000000000e+00 0.000000000000000000e+00 0.000000000000000000e+00 0.000000000000000000e+00 0.000000000000000000e+00
1.081081081081079927e-02 2.363115947291564295e-02 1.615123410590922279e-02 1.448797829203055110e-02 1.285771360078810377e-01 -4.864038615988294789e-02
3.589527027027054895e-02 -3.592967915731073991e-01 -2.877548488849748787e-02 -2.988033603218943068e-01 4.251906041953289195e-02 -9.318079602667352079e-02
0.000000000000000000e+00 0.000000000000000000e+00 0.000000000000000000e+00 0.000000000000000000e+00 0.000000000000000000e+00 0.000000000000000000e+00
2.119932432432428127e-02 6.695110935489831383e-02 -6.559696497422555506e-02 -1.289712823233012291e-02 5.058522000997308331e-03 1.123562393118732045e-01
0.000000000000000000e+00 0.000000000000000000e+00 0.000000000000000000e+00 0.000000000000000000e+00 0.000000000000000000e+00 0.000000000000000000e+00
0.000000000000000000e+00 0.000000000000000000e+00 0.000000000000000000e+00 0.000000000000000000e+00 0.000000000000000000e+00 0.000000000000000000e+00
1.266891891891903021e-03 -1.212639338188182224e-02 -2.516500419318252178e-04 -1.940482782906104153e-02 1.284386571553548404e-03 3.825256151699795923e-03
4.560810810810796145e-02 5.151444639963639882e-02 2.044892781457657294e-01 7.973083446185613710e-02 -2.448816680818519109e-02 -4.298479560754579765e-02
0.000000000000000000e+00 0.000000000000000000e+00 0.000000000000000000e+00 0.000000000000000000e+00 0.000000000000000000e+00 0.000000000000000000e+00
1.324324324324322733e-01 4.303214388298795545e-01 -4.707007400023731636e-01 -1.090536931164702156e-01 -3.603319590773884085e-01 -4.165033565436949692e-01
3.243243243243278118e-02 -3.954496681374526923e-01 -1.120812107209088054e-01 6.594495886694041742e-01 -1.580755526016285745e-02 2.334212653295384202e-02
2.423986486486483585e-02 -5.761994664825785886e-03 1.192716689727399415e-01 1.473004097908454111e-03 -1.998977070452754579e-01 8.394689443472362622e-02
1.157094594594606195e-02 -1.005677815828402155e-01 4.142007892071784998e-03 -1.664662621476957483e-01 -7.105468381534632213e-03 6.198768717982865856e-02
0.000000000000000000e+00 0.000000000000000000e+00 0.000000000000000000e+00 0.000000000000000000e+00 0.000000000000000000e+00 0.000000000000000000e+00
4.265202702702692444e-02 9.830067781660359327e-02 2.928757023592541697e-02 3.742750388187199989e-02 2.773780153109891566e-01 2.352451749273492751e-02
0.000000000000000000e+00 0.000000000000000000e+00 0.000000000000000000e+00 0.000000000000000000e+00 0.000000000000000000e+00 0.000000000000000000e+00
0.000000000000000000e+00 0.000000000000000000e+00 0.000000000000000000e+00 0.000000000000000000e+00 0.000000000000000000e+00 0.000000000000000000e+00
4.434121621621606169e-02 1.459306277081117986e-01 -1.668965662884024093e-01 -4.079048854099811411e-02 -1.618175478395521005e-01 -1.556413495338844211e-01
1.351351351351351210e-03 2.963999858526572030e-03 1.921883929804720729e-03 1.743265946057294272e-03 1.480782505062418902e-02 -5.988789753975651449e-03
3.547297297297328719e-03 -3.939733162111959397e-02 -7.611000394191257470e-03 2.223069825369235197e-02 1.581488427196227863e-03 -8.645785715469714305e-03
3.834459459459493846e-02 -3.687231263080772981e-01 -1.234382375900004714e-02 -5.086865948563086270e-01 3.943846934102216567e-02 3.290393987712065399e-02
0.000000000000000000e+00 0.000000000000000000e+00 0.000000000000000000e+00 0.000000000000000000e+00 0.000000000000000000e+00 0.000000000000000000e+00
2.787162162162188338e-03 -2.733580231014016981e-02 -1.152684242817558552e-03 -3.954074684648196947e-02 4.096773944958364763e-03 2.412942946159059038e-03
0.000000000000000000e+00 0.000000000000000000e+00 0.000000000000000000e+00 0.000000000000000000e+00 0.000000000000000000e+00 0.000000000000000000e+00
9.222972972972959260e-02 1.137535103795065117e-01 4.027881688091100032e-01 1.667093137963512606e-01 -3.157345537159134824e-02 -7.283357664407505427e-02
0.000000000000000000e+00 0.000000000000000000e+00 0.000000000000000000e+00 0.000000000000000000e+00 0.000000000000000000e+00 0.000000000000000000e+00
1.790540540540553477e-02 -1.341353705625261128e-01 1.597866963141512942e-02 -1.780419103332565312e-01 -3.021277417907962740e-02 4.406701328469026652e-02
9.459459459459557129e-03 -1.183762326193919107e-01 -3.689178937931627406e-02 2.457261274055200229e-01 -1.150818316265851508e-02 3.857748204080149040e-02
0.000000000000000000e+00 0.000000000000000000e+00 0.000000000000000000e+00 0.000000000000000000e+00 0.000000000000000000e+00 0.000000000000000000e+00
1.454391891891890498e-01 4.543786574402903788e-01 -4.259880049618229858e-01 -7.783387185741134917e-02 1.220999360022749780e-01 7.838207502123999415e-01
2.533783783783801705e-03 -1.437601440751364902e-02 4.771269368008246997e-03 -2.079186661217333199e-02 -6.886157883883220476e-03 8.227431952575471955e-03
7.787162162162120094e-02 1.512629515425951698e-01 1.738671617812586889e-01 1.133978157573140438e-01 6.333732620203792463e-01 -2.071333489462248989e-01
1.090371621621620685e-01 8.081014108577025401e-02 5.339568077561158699e-01 1.546189127837026278e-01 -4.841658406429123485e-01 9.387943509396608210e-02
2.668918918918912475e-02 8.898801366244675493e-02 -1.066169843872606243e-01 -2.763278451199576227e-02 -1.487033153581877876e-01 -2.318454452688245293e-01
1.444256756756753281e-02 4.390249933536348459e-02 -3.666613139848744207e-02 -5.363405679870023902e-03 3.438866463845339366e-02 1.458600512742816990e-01
4.307432432432469101e-03 -4.437214110171223969e-02 -4.603332166353753599e-03 -2.842982386431068889e-02 5.680674694815199439e-03 -1.113391098935931876e-02
0.000000000000000000e+00 0.000000000000000000e+00 0.000000000000000000e+00 0.000000000000000000e+00 0.000000000000000000e+00 0.000000000000000000e+00
1.925675675675691395e-02 -2.101856212529205903e-01 -3.464351545969351215e-02 1.758844709514973889e-02 2.398607707475017975e-02 -9.631228937424587966e-02
2.702702702702688281e-02 7.141051041642403063e-02 -1.761773349436784528e-02 1.167811871662326542e-02 1.707434873986986568e-01 -6.499270011463760544e-02
