-0.000000000000000000e+00 0.000000000000000000e+00 0.000000000000000000e+00 0.000000000000000000e+00 0.000000000000000000e+00 0.000000000000000000e+00
4.464285714286163548e-04 1.643725107575118045e-03 -2.040871492521968613e-03 -5.166196629044399538e-04 -2.379890633099368026e-03 -2.655005982431659240e-03
1.346726190476249356e-02 1.808539142623014767e-02 7.851229393000355716e-02 3.629461554131497431e-02 -4.713336325319293363e-01 1.438222973134172800e-01
-0.000000000000000000e+00 0.000000000000000000e+00 0.000000000000000000e+00 0.000000000000000000e+00 0.000000000000000000e+00 0.000000000000000000e+00
9.523809523810220293e-03 2.340254187735493069e-02 1.564472756513987650e-02 1.583446653242892577e-02 1.160567081379004217e-01 1.012607802227284831e-01
4.627976190475108220e-02 -3.842811195314536077e-01 -4.270642338312009845e-02 -3.185129352403636704e-01 1.051317974857653506e-02 1.738526779729599459e-01
-0.000000000000000000e+00 0.000000000000000000e+00 0.000000000000000000e+00 0.000000000000000000e+00 0.000000000000000000e+00 0.000000000000000000e+00
2.187500000000212538e-02 7.625590881044516656e-02 -7.662333147500338670e-02 -1.328164947623080953e-02 -9.577422592227245041e-03 7.250291177190606659e-03
-0.000000000000000000e+00 0.000000000000000000e+00 0.000000000000000000e+00 0.000000000000000000e+00 0.000000000000000000e+00 0.000000000000000000e+00
-0.000000000000000000e+00 0.000000000000000000e+00 0.000000000000000000e+00 0.000000000000000000e+00 0.000000000000000000e+00 0.000000000000000000e+00
1.116071428571185865e-03 -8.656472986104710166e-03 -1.696270046033071771e-04 -1.682045086617148591e-02 2.006781649576699249e-04 1.140564193183344699e-04
4.025297619047796954e-02 5.626031135682133671e-02 1.906024745460469794e-01 7.202042982681421124e-02 1.014814543692412474e-01 -5.662540318677777157e-02
-0.000000000000000000e+00 0.000000000000000000e+00 0.000000000000000000e+00 0.000000000000000000e+00 0.000000000000000000e+00 0.000000000000000000e+00
1.169642857142971365e-01 4.184463382858975011e-01 -4.669885841173612162e-01 -9.974127960440530571e-02 -2.933749107760464381e-01 -2.906382528492389983e-01
3.422619047618070259e-02 -3.372203723862553515e-01 -1.033683902060949372e-01 5.676077555144004583e-01 -4.571926265589042540e-03 -6.588205257279126925e-02
2.284226190476171606e-02 -1.024551631819244947e-02 1.086339686653412517e-01 -3.525171570145285704e-02 -3.853804139688066926e-02 -2.331172684705578035e-01
1.257440476190228688e-02 -8.604388717093998384e-02 7.919280262548388308e-03 -1.926958041149107459e-01 -1.669559408244318489e-03 -8.234456629758292456e-02
1.636904761904268632e-03 -1.646794817384538562e-02 -5.469169193008383868e-03 3.448375170740182460e-02 -4.423845861520789530e-04 -7.680045627442403516e-03
4.025297619047916997e-02 1.037157490096896340e-01 3.057163894206025787e-02 4.371902186827700265e-02 2.270575398567919456e-01 2.272520421691380244e-01
9.077380952381383303e-03 1.350442676547587185e-02 5.202156649424632268e-02 2.684287355990973636e-02 -3.612353598763232698e-01 1.266853786816413696e-01
-0.000000000000000000e+00 0.000000000000000000e+00 0.000000000000000000e+00 0.000000000000000000e+00 0.000000000000000000e+00 0.000000000000000000e+00
4.055059523809925737e-02 1.466478686569016310e-01 -1.702564301046236850e-01 -3.862896527065808744e-02 -1.301355905140027802e-01 -1.280009418927425535e-01
1.190476190476277537e-03 2.935006592210269959e-03 1.857516615860992440e-03 1.900226109464683497e-03 1.364411710413038215e-02 1.158515405124351839e-02
6.175595238093630618e-03 -5.632833674274560082e-02 -1.231117165456375659e-02 2.625850134258255614e-02 7.671472150820640625e-04 1.741671346162107503e-02
4.032738095237192733e-02 -3.163657063877624576e-01 -1.351246068136619655e-02 -5.005984817910326123e-01 7.761695823561349204e-03 6.948161161021655652e-02
-0.000000000000000000e+00 0.000000000000000000e+00 0.000000000000000000e+00 0.000000000000000000e+00 0.000000000000000000e+00 0.000000000000000000e+00
2.529761904761324617e-03 -2.012018193764502846e-02 -9.830448653585998568e-04 -3.391147923949869997e-02 6.230672699024421279e-04 5.793787172410351516e-03
-0.000000000000000000e+00 0.000000000000000000e+00 0.000000000000000000e+00 0.000000000000000000e+00 0.000000000000000000e+00 0.000000000000000000e+00
8.690476190476635610e-02 1.323225526102992655e-01 4.007366771816806561e-01 1.673213476013875323e-01 8.632567684738010061e-02 -3.190695779989381059e-02
-0.000000000000000000e+00 0.000000000000000000e+00 0.000000000000000000e+00 0.000000000000000000e+00 0.000000000000000000e+00 0.000000000000000000e+00
2.098214285713920907e-02 -1.270340366535686050e-01 2.046706802304156664e-02 -2.138316968746255820e-01 -4.861021950080937626e-03 -7.841118064720034586e-02
1.711309523809023334e-02 -1.726300548289811942e-01 -5.797058552181498514e-02 3.733984289357579200e-01 -5.199696288294280121e-03 -9.325487302292410907e-02
-0.000000000000000000e+00 0.000000000000000000e+00 0.000000000000000000e+00 0.000000000000000000e+00 0.000000000000000000e+00 0.000000000000000000e+00
1.330357142857267472e-01 4.580806036253075586e-01 -4.368115926426541784e-01 -6.725687567448448978e-02 2.962360473940425440e-02 1.279420269839233737e-01
8.035714285712987348e-03 -4.380365940224954097e-02 1.276850705364994572e-02 -1.028932230665634412e-01 -2.579417313924403481e-03 -7.944511155587283269e-02
7.247023809524290316e-02 1.593554212738300391e-01 1.785724505163347742e-01 1.249516603910433149e-01 6.503401957254342225e-01 5.014734937327431918e-01
1.022321428571462548e-01 1.011476376319336845e-01 5.215876510112558151e-01 1.205248000423581600e-01 2.382633897564626416e-02 -5.881857206762899359e-01
2.351190476190707923e-02 8.622597806073978299e-02 -1.054964418070508392e-01 -2.609069375337037464e-02 -1.131757753075209177e-01 -1.241323517760856560e-01
1.354166666666791786e-02 4.574187279880352619e-02 -4.017517626608177461e-02 -5.017007336260280448e-03 1.331035920243492029e-02 2.736182301158157984e-02
5.505952380951018715e-03 -4.793874931052603122e-02 -7.613254881511655192e-03 -1.899984490355679373e-02 1.478737162376726581e-03 2.755872792770404367e-02
-0.000000000000000000e+00 0.000000000000000000e+00 0.000000000000000000e+00 0.000000000000000000e+00 0.000000000000000000e+00 0.000000000000000000e+00
3.154761904761082397e-02 -2.865897457623639566e-01 -5.947428073680110366e-02 5.833883159625923714e-02 7.324379313725022309e-03 1.579317644952277222e-01
2.380952380952576497e-02 6.995445370272668217e-02 -1.792498477366251744e-02 1.455201200709681578e-02 1.487397497837671390e-01 1.354971059547630807e-01
