-0.000000000000000000e+00 0.000000000000000000e+00 0.000000000000000000e+00 0.000000000000000000e+00 0.000000000000000000e+00 0.000000000000000000e+00
5.681818181818125164e-04 -2.009766722429765819e-03 2.160852111672707538e-03 -4.540798368163569587e-04 3.233007761224318370e-03 -5.753914835908343142e-03
5.397727272727419374e-03 -1.283740495115304452e-03 -2.410969862229566524e-02 4.767286341219778914e-03 1.986828979072014986e-02 2.784309888450236994e-03
-0.000000000000000000e+00 0.000000000000000000e+00 0.000000000000000000e+00 0.000000000000000000e+00 0.000000000000000000e+00 0.000000000000000000e+00
8.617424242424285771e-03 -1.538679451699182139e-02 -1.401091314926132883e-02 1.437946875076543361e-02 -9.856343947319302912e-02 -3.356177743375759331e-02
2.774621212121069005e-02 3.463071642803642880e-01 6.336236473822243198e-02 -4.878657661187689454e-02 -3.004489564652021091e-02 -4.358434876792040974e-02
-0.000000000000000000e+00 0.000000000000000000e+00 0.000000000000000000e+00 0.000000000000000000e+00 0.000000000000000000e+00 0.000000000000000000e+00
2.026515151515136462e-02 -6.683336656035762657e-02 6.092064631486636406e-02 -6.632402955455523642e-03 -5.261586261858523968e-03 1.078957374391864149e-01
-0.000000000000000000e+00 0.000000000000000000e+00 0.000000000000000000e+00 0.000000000000000000e+00 0.000000000000000000e+00 0.000000000000000000e+00
-0.000000000000000000e+00 0.000000000000000000e+00 0.000000000000000000e+00 0.000000000000000000e+00 0.000000000000000000e+00 0.000000000000000000e+00
1.420454545454483261e-03 1.662124193014130960e-02 2.298793141891064366e-03 -3.031903889679860714e-02 -3.075203751751746668e-03 -3.422744766691488642e-04
5.113636363636497872e-02 -2.656227251891288624e-02 -2.087702684573196354e-01 6.275719403441920585e-02 1.169496461100911176e-02 -5.708413421521599945e-02
-0.000000000000000000e+00 0.000000000000000000e+00 0.000000000000000000e+00 0.000000000000000000e+00 0.000000000000000000e+00 0.000000000000000000e+00
1.461174242424231606e-01 -4.967413795139263843e-01 4.883193065849155690e-01 -7.650910482036640814e-02 3.390633121371355307e-01 -3.797244061533843196e-01
1.751893939393832020e-02 2.489269911670177193e-01 6.426042979805096644e-02 6.094868686189899298e-01 2.761600498627026640e-02 3.336148945665162735e-02
2.717803030303092907e-02 2.780319958345608272e-02 -1.158962384973125231e-01 -3.901758678861601271e-02 2.203629858744253767e-01 1.143133090300987309e-01
1.240530303030258109e-02 1.310240180429823043e-01 1.146882106556209105e-02 -2.654127754592466304e-01 -5.777279413267162426e-03 2.204850287414418866e-02
-0.000000000000000000e+00 0.000000000000000000e+00 0.000000000000000000e+00 0.000000000000000000e+00 0.000000000000000000e+00 0.000000000000000000e+00
4.356060606060640356e-02 -8.480639042908609537e-02 -4.168659234872543196e-02 5.053154880646963665e-02 -3.012096851316476975e-01 -4.282109799653724402e-03
-0.000000000000000000e+00 0.000000000000000000e+00 0.000000000000000000e+00 0.000000000000000000e+00 0.000000000000000000e+00 0.000000000000000000e+00
-0.000000000000000000e+00 0.000000000000000000e+00 0.000000000000000000e+00 0.000000000000000000e+00 0.000000000000000000e+00 0.000000000000000000e+00
4.687499999999961836e-02 -1.621889417738949513e-01 1.658284013668138990e-01 -2.935466294625990388e-02 1.510530349520289306e-01 -1.466018623794717590e-01
-0.000000000000000000e+00 0.000000000000000000e+00 0.000000000000000000e+00 0.000000000000000000e+00 0.000000000000000000e+00 0.000000000000000000e+00
3.598484848484649612e-03 4.789248294713876336e-02 1.066692654323710306e-02 6.285321986062340771e-02 1.232576221310981027e-03 -1.008559041956761868e-03
3.664772727272559011e-02 4.289328764349108480e-01 6.116556475933403181e-02 -6.072255939208769382e-01 -6.263133871918677431e-02 -2.238874944435098602e-02
-0.000000000000000000e+00 0.000000000000000000e+00 0.000000000000000000e+00 0.000000000000000000e+00 0.000000000000000000e+00 0.000000000000000000e+00
2.178030303030202564e-03 2.610675298459205068e-02 3.967371353096931820e-03 -4.095011301398250592e-02 -5.316413773849239764e-03 -2.425377080395949275e-03
-0.000000000000000000e+00 0.000000000000000000e+00 0.000000000000000000e+00 0.000000000000000000e+00 0.000000000000000000e+00 0.000000000000000000e+00
1.030303030303057338e-01 -6.506618162995705945e-02 -4.141236424159475127e-01 1.384505960216345921e-01 1.734363042827067464e-03 -1.091650558953964345e-01
-0.000000000000000000e+00 0.000000000000000000e+00 0.000000000000000000e+00 0.000000000000000000e+00 0.000000000000000000e+00 0.000000000000000000e+00
1.780303030302983133e-02 1.606555370856851128e-01 2.716131200117400182e-03 -2.166087536956895765e-01 2.537106716852351174e-02 2.624657406235925486e-02
-0.000000000000000000e+00 0.000000000000000000e+00 0.000000000000000000e+00 0.000000000000000000e+00 0.000000000000000000e+00 0.000000000000000000e+00
-0.000000000000000000e+00 0.000000000000000000e+00 0.000000000000000000e+00 0.000000000000000000e+00 0.000000000000000000e+00 0.000000000000000000e+00
1.410037878787867849e-01 -4.544686684091339690e-01 3.906266622859534965e-01 -3.013466610423073608e-02 -1.610025068875142462e-01 8.176387596267935542e-01
2.272727272727253969e-03 1.367367726195559130e-02 -3.423811657761535038e-03 -2.826693612854592683e-02 6.608590009249977644e-03 5.859809993193538374e-03
7.945075757575865982e-02 -1.194403333858148619e-01 -1.740517609305361479e-01 1.221841448134880631e-01 -6.131695030841906036e-01 -1.912534101021095279e-01
1.222537878787912646e-01 -9.953961887689393231e-03 -5.368886476893274251e-01 6.501244022150200197e-02 5.063385158929237795e-01 1.227648106149564211e-01
2.964015151515132090e-02 -1.042812494019283998e-01 1.107737185703101812e-01 -2.238486634261622685e-02 1.498397196781022511e-01 -2.497621935962544004e-01
6.439393939393875908e-03 -2.029467058080653905e-02 1.637620757177713979e-02 -6.228437996968029045e-04 -1.554595354517167120e-02 5.979518191267114285e-02
6.628787878787471529e-04 9.119783933660528460e-03 2.181919865582297724e-03 1.569274258643391096e-02 4.640040985755416211e-04 7.040219483588386036e-04
-0.000000000000000000e+00 0.000000000000000000e+00 0.000000000000000000e+00 0.000000000000000000e+00 0.000000000000000000e+00 0.000000000000000000e+00
1.818181818181713316e-02 2.441213383336380272e-01 5.486468033941675065e-02 2.781960130739721260e-01 -3.788372351261241368e-03 -2.406935707735626678e-02
2.803030303030297141e-02 -7.186734615934066428e-02 2.100277615771964368e-02 1.836847819155620204e-02 -1.590942581849217052e-01 -4.240497654706098379e-02
