0.000000000000000000e+00 0.000000000000000000e+00 0.000000000000000000e+00 0.000000000000000000e+00 0.000000000000000000e+00 0.000000000000000000e+00
7.812499999999942971e-04 -2.546985884692548694e-03 -3.249376413287056488e-03 6.135440706347381444e-03 1.495207881490898854e-03 1.455335220579659014e-03
7.421875000000118482e-03 2.831876430602740108e-02 -2.525136378937069270e-02 -4.558583942663967450e-03 5.590843159980031681e-03 9.370419530664666347e-03
0.000000000000000000e+00 0.000000000000000000e+00 0.000000000000000000e+00 0.000000000000000000e+00 0.000000000000000000e+00 0.000000000000000000e+00
1.184895833333329297e-02 1.122307994133976000e-02 1.249144691662872481e-01 3.707105611559902147e-02 7.462909640826884128e-02 -2.395786412460123790e-02
0.000000000000000000e+00 0.000000000000000000e+00 0.000000000000000000e+00 0.000000000000000000e+00 0.000000000000000000e+00 0.000000000000000000e+00
0.000000000000000000e+00 0.000000000000000000e+00 0.000000000000000000e+00 0.000000000000000000e+00 0.000000000000000000e+00 0.000000000000000000e+00
1.653645833333319479e-02 -4.294120667266063812e-02 -1.736767204707257827e-03 -5.509185076813016141e-02 -2.204553102263155651e-02 3.510814594658527403e-03
0.000000000000000000e+00 0.000000000000000000e+00 0.000000000000000000e+00 0.000000000000000000e+00 0.000000000000000000e+00 0.000000000000000000e+00
0.000000000000000000e+00 0.000000000000000000e+00 0.000000000000000000e+00 0.000000000000000000e+00 0.000000000000000000e+00 0.000000000000000000e+00
0.000000000000000000e+00 0.000000000000000000e+00 0.000000000000000000e+00 0.000000000000000000e+00 0.000000000000000000e+00 0.000000000000000000e+00
5.195312500000064115e-02 1.830481034046771704e-01 -6.671389905184255120e-02 3.410961617389156320e-02 -2.940250188377834806e-01 3.957014675775445967e-01
0.000000000000000000e+00 0.000000000000000000e+00 0.000000000000000000e+00 0.000000000000000000e+00 0.000000000000000000e+00 0.000000000000000000e+00
1.816406249999984734e-01 -5.332112822991329493e-01 -3.464540644592075669e-01 3.365051992545630144e-01 7.158967410882360882e-02 -7.828837847950843865e-02
0.000000000000000000e+00 0.000000000000000000e+00 0.000000000000000000e+00 0.000000000000000000e+00 0.000000000000000000e+00 0.000000000000000000e+00
2.031250000000030254e-02 8.408066828858662412e-02 -1.426016195955817634e-01 -8.788249810577464238e-02 5.739562570960677901e-01 1.623678956585506983e-01
0.000000000000000000e+00 0.000000000000000000e+00 0.000000000000000000e+00 0.000000000000000000e+00 0.000000000000000000e+00 0.000000000000000000e+00
0.000000000000000000e+00 0.000000000000000000e+00 0.000000000000000000e+00 0.000000000000000000e+00 0.000000000000000000e+00 0.000000000000000000e+00
5.273437499999988898e-02 2.241403872595193816e-02 3.310507818911210265e-01 -2.410573826411711515e-02 8.760626006940085142e-02 -3.063939643542003960e-02
0.000000000000000000e+00 0.000000000000000000e+00 0.000000000000000000e+00 0.000000000000000000e+00 0.000000000000000000e+00 0.000000000000000000e+00
0.000000000000000000e+00 0.000000000000000000e+00 0.000000000000000000e+00 0.000000000000000000e+00 0.000000000000000000e+00 0.000000000000000000e+00
6.132812499999949762e-02 -1.888940669659855964e-01 -1.634643701392569093e-01 1.614143999231564819e-01 1.614931412899203722e-02 2.543911104037584192e-02
0.000000000000000000e+00 0.000000000000000000e+00 0.000000000000000000e+00 0.000000000000000000e+00 0.000000000000000000e+00 0.000000000000000000e+00
0.000000000000000000e+00 0.000000000000000000e+00 0.000000000000000000e+00 0.000000000000000000e+00 0.000000000000000000e+00 0.000000000000000000e+00
0.000000000000000000e+00 0.000000000000000000e+00 0.000000000000000000e+00 0.000000000000000000e+00 0.000000000000000000e+00 0.000000000000000000e+00
0.000000000000000000e+00 0.000000000000000000e+00 0.000000000000000000e+00 0.000000000000000000e+00 0.000000000000000000e+00 0.000000000000000000e+00
0.000000000000000000e+00 0.000000000000000000e+00 0.000000000000000000e+00 0.000000000000000000e+00 0.000000000000000000e+00 0.000000000000000000e+00
0.000000000000000000e+00 0.000000000000000000e+00 0.000000000000000000e+00 0.000000000000000000e+00 0.000000000000000000e+00 0.000000000000000000e+00
1.242187500000012240e-01 4.212987918669851561e-01 -9.339780101976288829e-02 8.290785384526849766e-02 -6.289246085236513961e-01 3.360578474697375473e-01
0.000000000000000000e+00 0.000000000000000000e+00 0.000000000000000000e+00 0.000000000000000000e+00 0.000000000000000000e+00 0.000000000000000000e+00
0.000000000000000000e+00 0.000000000000000000e+00 0.000000000000000000e+00 0.000000000000000000e+00 0.000000000000000000e+00 0.000000000000000000e+00
0.000000000000000000e+00 0.000000000000000000e+00 0.000000000000000000e+00 0.000000000000000000e+00 0.000000000000000000e+00 0.000000000000000000e+00
0.000000000000000000e+00 0.000000000000000000e+00 0.000000000000000000e+00 0.000000000000000000e+00 0.000000000000000000e+00 0.000000000000000000e+00
1.710937499999987121e-01 -4.292641449668100906e-01 8.649675141231752407e-02 -8.540124846396320857e-01 -3.074373623299624381e-01 6.555345533896361765e-02
7.812500000000124033e-04 3.091473926621040279e-03 -3.534382104967396729e-03 -8.110463044432907271e-04 1.377392826247614613e-04 -2.027371450370143990e-02
8.684895833333353132e-02 1.223269666615758172e-01 6.681708485057805680e-01 1.795151272888543537e-01 2.337238533167045051e-01 3.827613177651430915e-02
1.305989583333350412e-01 4.912373019793450646e-01 -4.200825621061903825e-01 -7.428933915545722633e-02 1.127800656501517888e-02 -8.217854325924264236e-01
4.075520833333297344e-02 -1.309940446020766702e-01 -1.530100642388070309e-01 2.646611828904313346e-01 6.212405507251549108e-02 4.289350271018368271e-02
4.687499999999967734e-03 -1.030173351222029438e-02 8.905406559376487230e-03 -3.800583104967752285e-02 -1.285619928874908759e-02 5.478227245990971092e-03
0.000000000000000000e+00 0.000000000000000000e+00 0.000000000000000000e+00 0.000000000000000000e+00 0.000000000000000000e+00 0.000000000000000000e+00
0.000000000000000000e+00 0.000000000000000000e+00 0.000000000000000000e+00 0.000000000000000000e+00 0.000000000000000000e+00 0.000000000000000000e+00
0.000000000000000000e+00 0.000000000000000000e+00 0.000000000000000000e+00 0.000000000000000000e+00 0.000000000000000000e+00 0.000000000000000000e+00
3.645833333333319687e-02 -2.888572419754308063e-02 1.999580125881078307e-01 3.643749603178274288e-02 1.270084129128945249e-01 -1.111594220281078432e-01
