-0.000000000000000000e+00 0.000000000000000000e+00 0.000000000000000000e+00 0.000000000000000000e+00 0.000000000000000000e+00 0.000000000000000000e+00
8.690476190476491281e-03 4.743565806421799758e-02 6.266551857365847134e-02 -1.833974602628323652e-02 -8.707076158864220095e-02 -1.414823850936957617e-01
1.857142857142867962e-02 7.278988695344049825e-03 -9.019818642724637681e-02 -4.894486833128625092e-03 -7.210761434755919019e-02 2.198828266694768246e-02
-0.000000000000000000e+00 0.000000000000000000e+00 0.000000000000000000e+00 0.000000000000000000e+00 0.000000000000000000e+00 0.000000000000000000e+00
8.333333333333494547e-03 2.163565969119717741e-02 -2.797419236105357782e-02 1.856851069655307204e-02 6.924426237689607078e-02 -3.593345907094068481e-02
4.202380952380785351e-02 -2.688299101985326400e-01 6.380957648792053016e-02 -3.614594374754269146e-01 2.413268543515654507e-01 -2.110725283848479683e-01
-0.000000000000000000e+00 0.000000000000000000e+00 0.000000000000000000e+00 0.000000000000000000e+00 0.000000000000000000e+00 0.000000000000000000e+00
1.285714285714324202e-02 5.433115679543276677e-02 2.857535901813232707e-02 1.595505616525991167e-03 6.692225314704834671e-02 1.159911709328022150e-01
1.428571428571359181e-03 -9.491352794200021495e-03 4.691755019883947497e-03 1.289344275100136154e-02 -2.201058742779234915e-03 1.246104967041156402e-03
-0.000000000000000000e+00 0.000000000000000000e+00 0.000000000000000000e+00 0.000000000000000000e+00 0.000000000000000000e+00 0.000000000000000000e+00
-0.000000000000000000e+00 0.000000000000000000e+00 0.000000000000000000e+00 0.000000000000000000e+00 0.000000000000000000e+00 0.000000000000000000e+00
5.428571428571456192e-02 4.323324079859569569e-02 -2.880476383737192725e-01 9.770171320475105892e-02 -1.561344430065688960e-01 -2.414058903926786792e-01
-0.000000000000000000e+00 0.000000000000000000e+00 0.000000000000000000e+00 0.000000000000000000e+00 0.000000000000000000e+00 0.000000000000000000e+00
8.761904761905059402e-02 4.434456104668784149e-01 4.793349074450647396e-01 -1.099643862313646331e-01 -2.140738057701902231e-01 -1.014789460538411264e-01
4.226190476190282153e-02 -2.935529388101301151e-01 1.441741803761031060e-01 2.555283607514307054e-01 1.775287479865993862e-02 -2.982977453000541443e-02
3.702380952380875112e-02 -1.199536705188806590e-01 -9.070045571076745805e-02 -1.830082491370952080e-01 -3.534181981123327709e-01 3.316451650068165113e-01
1.071428571428546762e-03 -5.533434303543941987e-03 -6.456777703717084737e-04 -1.407539043363989321e-02 -2.380993250529314285e-04 4.894065531748524947e-03
3.095238095237931846e-03 -2.299099642359078363e-02 1.417277002174526998e-02 3.988034377674573583e-02 -6.654993449363755080e-03 1.226046029086882636e-02
7.107142857142985382e-02 1.699484604616074146e-01 -2.238351983636864551e-01 1.192430807164707729e-01 3.588953095888967604e-01 1.547026877401626588e-01
2.857142857142894871e-03 5.590651038933385462e-03 -1.117658301148129543e-02 4.431993356176014420e-03 5.754543843234691258e-03 8.982270976890581113e-03
-0.000000000000000000e+00 0.000000000000000000e+00 0.000000000000000000e+00 0.000000000000000000e+00 0.000000000000000000e+00 0.000000000000000000e+00
3.797619047619180815e-02 1.951676531454478725e-01 2.198679392113289388e-01 -5.310237351893557639e-02 -1.284549809952728605e-01 -9.800614707389569691e-02
2.380952380952431366e-04 7.209646960821370710e-04 -5.598100436359754704e-04 4.933796299407711573e-04 2.599137639541915148e-03 -4.567840945775237193e-04
1.928571428571346918e-02 -1.186265961385098572e-01 3.914507877168275918e-02 4.716360457654306809e-02 -2.702545223068971228e-02 1.996012259630875613e-02
1.928571428571353857e-02 -1.208504628543951714e-01 1.815231477809929259e-02 -2.691718894931622308e-01 1.588301452329707875e-01 -1.225971723140119179e-01
-0.000000000000000000e+00 0.000000000000000000e+00 0.000000000000000000e+00 0.000000000000000000e+00 0.000000000000000000e+00 0.000000000000000000e+00
-0.000000000000000000e+00 0.000000000000000000e+00 0.000000000000000000e+00 0.000000000000000000e+00 0.000000000000000000e+00 0.000000000000000000e+00
-0.000000000000000000e+00 0.000000000000000000e+00 0.000000000000000000e+00 0.000000000000000000e+00 0.000000000000000000e+00 0.000000000000000000e+00
8.273809523809577682e-02 9.321056152758178115e-02 -4.286651218785975659e-01 1.251103698910956408e-01 -1.613234782446476556e-01 -2.121214828982374845e-01
-0.000000000000000000e+00 0.000000000000000000e+00 0.000000000000000000e+00 0.000000000000000000e+00 0.000000000000000000e+00 0.000000000000000000e+00
3.738095238095118233e-02 -1.917694047157542936e-01 -1.675868690117244750e-02 -3.922800360349987248e-01 -6.645384481626862017e-02 1.981026345644993081e-01
6.523809523809168121e-02 -4.656039672072742608e-01 2.607415603659641867e-01 6.686068274354367569e-01 -8.654796494802573237e-02 1.191172157430709644e-01
-0.000000000000000000e+00 0.000000000000000000e+00 0.000000000000000000e+00 0.000000000000000000e+00 0.000000000000000000e+00 0.000000000000000000e+00
9.047619047619298582e-02 3.934821325337372611e-01 2.497490724260032213e-01 -1.158682757913938668e-02 2.986147284488253062e-01 5.041153780996727729e-01
1.238095238095209168e-02 -4.665586644518727316e-02 -2.557483678734524812e-02 -1.054256186724942118e-01 -1.008072222020209713e-01 1.410808058144614741e-01
6.035714285714360861e-02 1.170573640716156272e-01 -2.824860353497414822e-01 1.418339281686690767e-01 3.055255804256743479e-01 -3.364181045160244965e-01
6.190476190476167789e-02 -5.960250251826754164e-03 -3.155868546089085069e-01 1.421902856673885884e-02 -4.405464740086830755e-01 -5.854258807312881507e-02
2.952380952381052776e-02 1.550850506125602268e-01 1.857355958464212975e-01 -4.863427079925835422e-02 -1.664006946877622795e-01 -2.103107602383134656e-01
3.940476190476278201e-02 1.276569838463780526e-01 -3.500412364392344045e-02 4.363313618440989999e-02 2.613316852423970271e-01 3.669792926014907586e-01
4.166666666666488800e-03 -2.787338318891947192e-02 8.264006901609844899e-03 -3.443815765758474756e-02 3.313433334084344567e-02 -3.417720863196435643e-02
-0.000000000000000000e+00 0.000000000000000000e+00 0.000000000000000000e+00 0.000000000000000000e+00 0.000000000000000000e+00 0.000000000000000000e+00
3.261904761904620142e-02 -2.242819027238246166e-01 9.208257441717167258e-02 -1.237863108629208911e-02 1.282211665820334745e-01 -1.484260704636664041e-01
1.583333333333367468e-02 4.669400012884391410e-02 -3.394880842915933700e-02 2.785627565632100427e-02 1.213062114572744932e-01 -1.880635570295450393e-02
