0.000000000000000000e+00 0.000000000000000000e+00 0.000000000000000000e+00 0.000000000000000000e+00 0.000000000000000000e+00 0.000000000000000000e+00
6.910569105690785204e-03 -4.316477403936509055e-02 -4.589486609195575495e-02 -2.869288351838792869e-02 5.051339316059873935e-02 4.630266721942598307e-02
1.689895470383283305e-02 -3.170125496852730165e-03 9.550402990574180517e-02 1.186555334089980235e-02 8.018102249269719317e-02 5.200601930154148678e-02
0.000000000000000000e+00 0.000000000000000000e+00 0.000000000000000000e+00 0.000000000000000000e+00 0.000000000000000000e+00 0.000000000000000000e+00
1.138211382113797111e-02 -3.986174332661584357e-02 2.392719224139535153e-02 4.838994984107192199e-02 -1.052802926414324464e-01 -5.441271074577805344e-02
6.910569105691286018e-02 3.434427777919169533e-01 -9.963082543036475003e-02 -3.948956023514675895e-01 -3.655175474158166571e-01 2.795062352053652166e-01
0.000000000000000000e+00 0.000000000000000000e+00 0.000000000000000000e+00 0.000000000000000000e+00 0.000000000000000000e+00 0.000000000000000000e+00
7.026713124273896265e-03 -3.460960374097576259e-02 -1.488454014283040541e-02 4.536874369243531352e-03 -2.836517426598846731e-02 -3.676530357632314810e-02
8.130081300813202195e-04 3.937124584395394235e-03 -2.447686118499668544e-03 5.844788354200556105e-03 3.943825391341154556e-03 -2.276709532569528432e-03
0.000000000000000000e+00 0.000000000000000000e+00 0.000000000000000000e+00 0.000000000000000000e+00 0.000000000000000000e+00 0.000000000000000000e+00
0.000000000000000000e+00 0.000000000000000000e+00 0.000000000000000000e+00 0.000000000000000000e+00 0.000000000000000000e+00 0.000000000000000000e+00
4.250871080139366487e-02 -2.920585688373317917e-02 2.344290475669558171e-01 1.141798818036280361e-01 8.674775758869796016e-02 1.833046687461305224e-01
0.000000000000000000e+00 0.000000000000000000e+00 0.000000000000000000e+00 0.000000000000000000e+00 0.000000000000000000e+00 0.000000000000000000e+00
8.391405342624531916e-02 -4.910993956464832499e-01 -4.363931382843010964e-01 -2.070900129629894559e-01 2.307413332982202470e-01 9.329047386535807562e-02
6.399535423925883926e-02 3.678539338831291472e-01 -2.790021903483689836e-01 2.977099779487292208e-01 1.295392242558388723e-02 1.679760399755667322e-01
4.831591173054670951e-02 9.829710594192181405e-02 1.890721530826956209e-01 -1.796838573091109892e-01 2.725445715636470867e-01 -1.407226426703254984e-01
3.019744483159191029e-03 1.148285412343059281e-02 5.475373817195063747e-03 -3.173139926815664313e-02 -5.471993250902903571e-04 -4.069590046522096605e-02
3.600464576074399389e-03 2.236414463635824981e-02 -2.234212132161928280e-02 4.500852278387480060e-02 2.577517152597526978e-02 -4.940773704381885845e-02
4.750290360046379584e-02 -1.339905018943459425e-01 1.463606724742425869e-01 1.753608961032089575e-01 -2.437395027481189247e-01 -7.028231506967561049e-02
1.858304297328666321e-03 -3.898936704238631801e-03 8.019252260201540153e-03 6.350518750530127939e-03 -3.212506635509433228e-03 3.111562412926895810e-03
0.000000000000000000e+00 0.000000000000000000e+00 0.000000000000000000e+00 0.000000000000000000e+00 0.000000000000000000e+00 0.000000000000000000e+00
3.420441347270482962e-02 -2.036776275992394913e-01 -1.901874434403437175e-01 -9.797807608262844303e-02 1.276372863474501684e-01 7.429709993209440699e-02
1.742160278745609090e-04 -6.030131171345015422e-04 4.149688537331733371e-04 8.229984969643394958e-04 -1.851790866133373433e-03 -9.909609646449209479e-04
1.829268292682981190e-02 9.225107845278165963e-02 -4.752709986599054637e-02 3.094745293130502992e-02 1.735744963687688679e-03 5.079314540462683686e-02
2.259001161440250469e-02 1.091006187682240502e-01 -1.314359634070271822e-02 -2.315895834175269452e-01 -1.863966554604492287e-01 1.048318649242569942e-02
0.000000000000000000e+00 0.000000000000000000e+00 0.000000000000000000e+00 0.000000000000000000e+00 0.000000000000000000e+00 0.000000000000000000e+00
0.000000000000000000e+00 0.000000000000000000e+00 0.000000000000000000e+00 0.000000000000000000e+00 0.000000000000000000e+00 0.000000000000000000e+00
1.742160278745695826e-04 1.027597532852607192e-03 -8.338020307904271981e-04 9.768197619946673155e-04 4.832973436645152392e-05 7.331240103598429033e-04
6.846689895470364773e-02 -7.156821864882084716e-02 3.817526965450961374e-01 1.874497970180483142e-01 1.271624877934334763e-01 3.021110483515133116e-01
0.000000000000000000e+00 0.000000000000000000e+00 0.000000000000000000e+00 0.000000000000000000e+00 0.000000000000000000e+00 0.000000000000000000e+00
4.245063879210316665e-02 1.527503054617534994e-01 8.017603659873903665e-02 -3.714975466357366418e-01 2.068721170718728491e-02 -3.929308512894552075e-01
5.150987224158059402e-02 3.100525402364083249e-01 -2.865638679019328894e-01 5.214103658342172931e-01 2.562175189325110458e-01 -3.920077127661139582e-01
0.000000000000000000e+00 0.000000000000000000e+00 0.000000000000000000e+00 0.000000000000000000e+00 0.000000000000000000e+00 0.000000000000000000e+00
7.694541231126354741e-02 -3.791988886815587656e-01 -1.679739488096636812e-01 3.921351458909485416e-02 -2.656793083521200582e-01 -3.113411832288772163e-01
2.404181184669034604e-02 6.832291123881256700e-02 7.946463621414957823e-02 -1.920533129502250691e-01 1.014389299091540408e-01 -2.903117222672999542e-01
5.238095238095162587e-02 -1.249890441414068104e-01 2.263273240946580001e-01 2.504524514829137294e-01 -3.343102530406565354e-01 -4.762006969969504074e-03
7.607433217189370211e-02 3.077520598106766453e-02 4.255963791153550835e-01 -1.239821415514689301e-02 4.741176558087702442e-01 2.049935433319845235e-01
2.816492450638677716e-02 -1.719962242017433474e-01 -1.722698828321106157e-01 -9.897084607569872627e-02 1.544736501027396403e-01 1.212484329503632635e-01
2.630662020905864817e-02 -9.701070422876961752e-02 2.911157146847800220e-02 7.083257703783171766e-02 -1.400353015149530811e-01 -1.052096562250153661e-01
2.555168408827060336e-03 1.328535320031867806e-02 -4.804396410113295594e-03 -1.601710832139829205e-02 -1.874749606394809920e-02 1.758538538848026384e-02
0.000000000000000000e+00 0.000000000000000000e+00 0.000000000000000000e+00 0.000000000000000000e+00 0.000000000000000000e+00 0.000000000000000000e+00
5.011614401858495438e-02 2.754031888568414521e-01 -1.621933826024523906e-01 -1.398758986389965486e-02 -1.753659486671354240e-01 3.830405852677203904e-01
1.869918699186946809e-02 -7.230208233902728210e-02 2.046145373336895681e-02 6.523309246461811428e-02 -1.578708357487160763e-01 -9.866580504080166292e-02
