-0.000000000000000000e+00 0.000000000000000000e+00 0.000000000000000000e+00 0.000000000000000000e+00 0.000000000000000000e+00 0.000000000000000000e+00
7.142857142857177329e-03 4.880945741667790105e-02 5.196049873715057749e-02 2.781595778166246966e-02 6.806694090607594283e-02 -7.201546604743475077e-02
1.719576719576717400e-02 6.724887507109244926e-03 -8.487263432184251333e-02 -1.677608618511307326e-02 5.755277882371616360e-02 -1.572094823736833527e-02
-0.000000000000000000e+00 0.000000000000000000e+00 0.000000000000000000e+00 0.000000000000000000e+00 0.000000000000000000e+00 0.000000000000000000e+00
1.084656084656085429e-02 3.525190203983676746e-02 -2.601176470109223607e-02 -4.023712877223060286e-02 -1.009358331741210674e-01 3.540597718609567613e-03
5.961199294532621568e-02 -3.098472853914027714e-01 6.706172892813096198e-02 4.170183058605668180e-01 -3.027864350664312143e-01 -2.449914739471513170e-01
-0.000000000000000000e+00 0.000000000000000000e+00 0.000000000000000000e+00 0.000000000000000000e+00 0.000000000000000000e+00 0.000000000000000000e+00
9.523809523809540281e-03 4.854767379077375156e-02 2.092284631563451347e-02 -5.443843363656082103e-03 -5.423276788661857833e-02 7.111280404597213056e-02
1.234567901234558552e-03 -6.558750279699413280e-03 4.067286973300598789e-03 -8.004803294579386497e-03 4.362463450175837164e-03 1.947610185923094421e-03
-0.000000000000000000e+00 0.000000000000000000e+00 0.000000000000000000e+00 0.000000000000000000e+00 0.000000000000000000e+00 0.000000000000000000e+00
-0.000000000000000000e+00 0.000000000000000000e+00 0.000000000000000000e+00 0.000000000000000000e+00 0.000000000000000000e+00 0.000000000000000000e+00
5.758377425044104714e-02 3.378725523914087592e-02 -2.906793087694449773e-01 -1.456682321295860172e-01 1.586941246037167352e-01 -2.483433158660356410e-01
-0.000000000000000000e+00 0.000000000000000000e+00 0.000000000000000000e+00 0.000000000000000000e+00 0.000000000000000000e+00 0.000000000000000000e+00
7.116402116402160971e-02 4.492029189264268862e-01 4.017410240833769186e-01 1.647485833451138859e-01 2.165531167142173141e-01 -9.108046850377368719e-02
5.202821869488500478e-02 -3.273548480332521549e-01 2.360456128989759095e-01 -2.166698100758417955e-01 -3.382694157415470221e-02 -1.810657459688151949e-01
4.991181657848322434e-02 -1.073930328152521985e-01 -1.707431087818111481e-01 1.863346402322423323e-01 2.951618749811258935e-01 2.098013114687942993e-01
8.818342151675429225e-04 -3.471443544550613641e-03 -1.515814058182332526e-03 9.589085035158713410e-03 -3.217255888342851239e-04 9.404903919147694635e-03
4.320987654320924791e-03 -2.984630800099568812e-02 2.820272740158415864e-02 -5.090256840813466022e-02 2.462254678811432937e-02 5.549535584259624593e-02
5.749559082892424094e-02 1.580932873431428465e-01 -1.617176524000189519e-01 -1.766805771754708654e-01 -3.163389156164321259e-01 1.129572679378982730e-01
2.116402116402118280e-03 4.411706895137309375e-03 -7.969087843792913711e-03 -6.036343093566422409e-03 -4.469926898717004396e-03 2.204837089776796964e-03
-0.000000000000000000e+00 0.000000000000000000e+00 0.000000000000000000e+00 0.000000000000000000e+00 0.000000000000000000e+00 0.000000000000000000e+00
3.139329805996491501e-02 2.018992812328638808e-01 1.882898660502044241e-01 8.252208651947727513e-02 1.289141497614501031e-01 -7.652176085286940821e-02
1.763668430335099289e-04 6.440479416343046232e-04 -3.298917983732541342e-04 -6.903299675941986088e-04 -2.258077439487035567e-03 5.239048392562172061e-04
1.763668430335089271e-02 -9.311983548776613107e-02 4.135142886465201228e-02 -9.732783778402290600e-03 -3.731731165678444338e-03 -4.186352959867113005e-02
2.063492063492060324e-02 -1.033727978432687905e-01 4.236573389834249505e-03 2.333917297526064416e-01 -1.430870299430614112e-01 1.891818821468242706e-02
-0.000000000000000000e+00 0.000000000000000000e+00 0.000000000000000000e+00 0.000000000000000000e+00 0.000000000000000000e+00 0.000000000000000000e+00
-0.000000000000000000e+00 0.000000000000000000e+00 0.000000000000000000e+00 0.000000000000000000e+00 0.000000000000000000e+00 0.000000000000000000e+00
-0.000000000000000000e+00 0.000000000000000000e+00 0.000000000000000000e+00 0.000000000000000000e+00 0.000000000000000000e+00 0.000000000000000000e+00
8.236331569664907815e-02 7.793447058814859107e-02 -4.177674558581249142e-01 -2.056225730527531936e-01 1.729600817263286794e-01 -2.793761572579617769e-01
-0.000000000000000000e+00 0.000000000000000000e+00 0.000000000000000000e+00 0.000000000000000000e+00 0.000000000000000000e+00 0.000000000000000000e+00
4.109347442680767737e-02 -1.570586540678248766e-01 -6.622329312103797383e-02 3.640814388419227332e-01 3.825797555467521510e-02 3.363806199912749428e-01
6.340388007054607866e-02 -4.196033403881309631e-01 3.631067328168568475e-01 -5.810440188365726399e-01 2.192858173249668807e-01 3.715202692234585991e-01
-0.000000000000000000e+00 0.000000000000000000e+00 0.000000000000000000e+00 0.000000000000000000e+00 0.000000000000000000e+00 0.000000000000000000e+00
7.504409171075868135e-02 3.917266162084394598e-01 1.956317390366883735e-01 -1.197294198451292167e-02 -2.952783416724852339e-01 3.586648381444273448e-01
2.195767195767199878e-02 -6.317944821758134100e-02 -6.560138730122017092e-02 1.645808233036145374e-01 1.061526969833051504e-01 2.412867643828294217e-01
5.017636684303358741e-02 1.053027373798497840e-01 -2.138223461378241097e-01 -1.991158879371113244e-01 -2.671434051669650533e-01 -1.474200029965605230e-01
7.477954144620811705e-02 -2.728967640540594722e-02 -3.699742138063275010e-01 -1.597821442213808243e-02 4.539630566123136202e-01 -9.781743834017246619e-02
2.786596119929470733e-02 1.832112500634750785e-01 1.796729387707740599e-01 8.547333441067003768e-02 1.650240160179099469e-01 -1.364711743919609088e-01
3.024691358024701043e-02 1.149955723470451330e-01 -2.339877561596342623e-02 -6.832999245209107897e-02 -2.126162007564132150e-01 2.145277258484569738e-01
3.615520282186941887e-03 -1.997542758557807954e-02 5.991980046285187538e-03 2.715819077089789632e-02 -2.641024852299514447e-02 -2.581646930879705551e-02
-0.000000000000000000e+00 0.000000000000000000e+00 0.000000000000000000e+00 0.000000000000000000e+00 0.000000000000000000e+00 0.000000000000000000e+00
4.179894179894166201e-02 -2.519173883020369153e-01 1.410199479826693969e-01 5.142321018192178711e-02 -1.912743049866567346e-01 -3.809549122817310063e-01
1.675485008818345528e-02 5.944517144305098977e-02 -2.867619778108801420e-02 -5.523125110651617292e-02 -1.548597547890347148e-01 3.117186474619555725e-02
