0.000000000000000000e+00 0.000000000000000000e+00 0.000000000000000000e+00 0.000000000000000000e+00 0.000000000000000000e+00 0.000000000000000000e+00
6.489262371614907231e-03 -4.364016402416171642e-02 4.314593070284613446e-02 -2.548889674298752267e-02 -4.487620222592491465e-02 -3.884276141710631819e-02
1.582633053221290872e-02 -4.932180331980833866e-03 -8.796512045293206072e-02 2.534535491941585991e-02 -6.572834825871459730e-02 -7.409610084771306449e-02
0.000000000000000000e+00 0.000000000000000000e+00 0.000000000000000000e+00 0.000000000000000000e+00 0.000000000000000000e+00 0.000000000000000000e+00
9.430438842203198863e-03 -3.510110090492969681e-02 -2.024360430913763748e-02 3.342362882876794700e-02 8.777888056567928476e-02 7.248277798855816412e-02
6.423902894491406723e-02 3.004677121145153396e-01 5.791079110221929171e-02 -3.385809082959603811e-01 -1.236218537417343583e-01 4.669774364926785326e-01
0.000000000000000000e+00 0.000000000000000000e+00 0.000000000000000000e+00 0.000000000000000000e+00 0.000000000000000000e+00 0.000000000000000000e+00
7.656395891689618712e-03 -4.027693704879654196e-02 1.586239055149754260e-02 1.588682039663033389e-03 2.915179401169097975e-02 3.273846972817381906e-02
7.002801120448428696e-04 3.325777307410945037e-03 2.388599595897124544e-03 4.814139621907406047e-03 5.407885667996107726e-04 -4.167732105622331575e-03
0.000000000000000000e+00 0.000000000000000000e+00 0.000000000000000000e+00 0.000000000000000000e+00 0.000000000000000000e+00 0.000000000000000000e+00
6.395891690009646545e-03 2.999900114712146515e-02 -8.752058632343249003e-03 -1.546712882007939549e-01 2.759475839710480161e-01 -1.628605093853993935e-01
4.579831932773080483e-02 -4.538144758630796582e-02 -2.466977586997638749e-01 1.591120964746338129e-01 9.666272950182122278e-03 -1.008403714116455907e-01
0.000000000000000000e+00 0.000000000000000000e+00 0.000000000000000000e+00 0.000000000000000000e+00 0.000000000000000000e+00 0.000000000000000000e+00
7.586367880485056503e-02 -4.823558838071563271e-01 4.112635710064400651e-01 -2.076398218851341626e-01 -2.560575601255578038e-01 -1.796886184242639517e-01
7.259570494864948931e-02 4.052669138802808546e-01 3.300475341241475569e-01 3.500480692577919717e-01 5.510771675208650522e-02 -1.213336586225809187e-03
4.654528478057986390e-02 7.884593971351243347e-02 -1.921626480298601336e-01 -8.054947220539741826e-02 -3.731360771206015392e-01 -1.788617496025685372e-01
8.263305322129179536e-03 3.229666000600027453e-02 -1.602654279157484513e-02 -1.070732349854969928e-01 3.870196585075928036e-02 -1.513342043300521141e-02
5.042016806722919228e-03 3.045883158958087589e-02 3.232482170538109045e-02 5.117882077602233654e-02 2.126959895514650423e-02 -4.817814844673113522e-02
4.542483660130581385e-02 -1.424638473196138122e-01 -1.336262040998547895e-01 1.562775587640869157e-01 2.953711026699727404e-01 2.088766388534371854e-01
1.493930905695582201e-03 -3.620424525158053020e-03 -6.135416556363846793e-03 5.335520281159548614e-03 5.815156851013758739e-03 2.234692701290179068e-03
0.000000000000000000e+00 0.000000000000000000e+00 0.000000000000000000e+00 0.000000000000000000e+00 0.000000000000000000e+00 0.000000000000000000e+00
3.370681605975515277e-02 -2.175787452039109615e-01 1.932346476457579842e-01 -1.020343591050664606e-01 -1.402900708758795523e-01 -1.055640007825835863e-01
1.400560224089586155e-04 -5.157159244897930196e-04 -3.365167525869659738e-04 5.437322356466404430e-04 1.471445982575658685e-03 1.238228299380356081e-03
2.044817927170955105e-02 9.916571523402969990e-02 5.577104950614113210e-02 5.158039264304430799e-02 -2.361568059867379457e-02 2.242978145515568678e-02
3.197945845004808441e-02 1.440377971442153016e-01 -1.270966120351544291e-02 -3.628431117864551192e-01 1.070283286830560204e-01 1.782888413579231113e-01
0.000000000000000000e+00 0.000000000000000000e+00 0.000000000000000000e+00 0.000000000000000000e+00 0.000000000000000000e+00 0.000000000000000000e+00
1.540616246498673981e-03 7.421514440131207237e-03 -2.316965592330737667e-03 -4.380835454468607476e-02 8.960628944167522980e-02 -5.672216941255962125e-02
1.400560224089699725e-04 8.017019402822553103e-04 6.956393723291678889e-04 7.857207836354047816e-04 1.403637955256266943e-04 -3.295601324899347378e-06
6.353874883286585173e-02 -8.667531814729428907e-02 -3.414070064487257361e-01 2.195059347548554141e-01 3.582264646630996252e-02 -1.235705957405216632e-01
9.337068160598005397e-05 5.627622555795679972e-04 5.948158685830459312e-04 9.398880305680740567e-04 3.848354867985924140e-04 -8.674798868615171601e-04
4.318394024276529797e-02 1.477198258199583225e-01 -9.206788435532163584e-02 -3.281950799644829386e-01 -2.201556039849800472e-01 9.231547982142807030e-02
5.527544351074022838e-02 3.249119946275235704e-01 3.223201467143447796e-01 4.782424609014384043e-01 1.725619322333763472e-01 -3.647695746023680297e-01
0.000000000000000000e+00 0.000000000000000000e+00 0.000000000000000000e+00 0.000000000000000000e+00 0.000000000000000000e+00 0.000000000000000000e+00
6.960784313725132399e-02 -3.739919828982746774e-01 1.682109511852384054e-01 -6.366412220230199641e-03 2.089269121060823575e-01 2.388858860652971206e-01
2.474323062558431152e-02 5.987183344756379783e-02 -9.156288872807563650e-02 -1.339399679753395245e-01 -2.069739373340879485e-01 -4.267321920620305992e-02
4.957983193277186451e-02 -1.262811365988065204e-01 -2.151575895527548798e-01 2.205770535696773837e-01 3.647348299735340138e-01 2.233708008232388464e-01
7.824463118580833598e-02 1.086391526637970652e-02 -4.360228506336844556e-01 1.032369617683235735e-01 -4.401145397848639784e-01 -4.468396599023737870e-01
2.525676937441488634e-02 -1.668180130757523361e-01 1.575328080514074025e-01 -8.888194035494287326e-02 -1.424501075060058131e-01 -1.174269672738000592e-01
2.362278244631096230e-02 -9.547845606486266012e-02 -2.230695774498150583e-02 5.290616029402355619e-02 1.421660333583747715e-01 1.227938811528777180e-01
2.614379084967434572e-03 1.260651624321904724e-02 2.662787330585769489e-03 -1.718260197889952615e-02 1.859612981928529822e-04 2.014529107747168105e-02
0.000000000000000000e+00 0.000000000000000000e+00 0.000000000000000000e+00 0.000000000000000000e+00 0.000000000000000000e+00 0.000000000000000000e+00
4.696545284780789808e-02 2.486877347108641390e-01 1.513522522470346909e-01 3.300040058438452606e-02 -5.032545922199734012e-02 2.537367042176911780e-01
1.755368814192274224e-02 -7.220079342667250211e-02 -1.982106212601910528e-02 4.881287371682919290e-02 1.449650008091606657e-01 1.258048010342828205e-01
