-0.000000000000000000e+00 0.000000000000000000e+00 0.000000000000000000e+00 0.000000000000000000e+00 0.000000000000000000e+00 0.000000000000000000e+00
6.244384546271496313e-03 4.248388940651727508e-02 -4.221029771611632675e-02 -2.250217246457443532e-02 -3.951186767360036906e-02 -3.625515728923674186e-02
1.554357592093434486e-02 5.352641315227669484e-03 8.546437703242000528e-02 2.899006465011238348e-02 -5.338132160992532099e-02 -7.402626773217883815e-02
-0.000000000000000000e+00 0.000000000000000000e+00 0.000000000000000000e+00 0.000000000000000000e+00 0.000000000000000000e+00 0.000000000000000000e+00
9.389038634321824825e-03 3.496600015830211849e-02 2.039327155518594337e-02 2.682872824970806633e-02 7.973061476807545567e-02 6.964671862679958081e-02
6.181491464510214390e-02 -2.968389730647209013e-01 -6.164806449646480224e-02 -2.766891987969982147e-01 -1.961562847157001521e-01 4.644209810321671128e-01
-0.000000000000000000e+00 0.000000000000000000e+00 0.000000000000000000e+00 0.000000000000000000e+00 0.000000000000000000e+00 0.000000000000000000e+00
7.367475292003746769e-03 3.929707505445501070e-02 -1.627751369113734567e-02 -1.124398775030914207e-03 2.250066283205440568e-02 3.035459724933384923e-02
6.738544474393479318e-04 -3.264362257191902143e-03 -2.340561424402743968e-03 4.844065088110841369e-03 1.286071415444636334e-03 -4.195266547726376853e-03
-0.000000000000000000e+00 0.000000000000000000e+00 0.000000000000000000e+00 0.000000000000000000e+00 0.000000000000000000e+00 0.000000000000000000e+00
1.145552560646869236e-02 -5.797353296707061232e-02 9.834193997484967642e-03 -2.738180305849688412e-01 2.669020079116277144e-01 -1.668170043329368357e-01
4.734950584007184549e-02 4.682243263229558805e-02 2.532035244058765122e-01 1.541135455549129951e-01 2.846371065042190701e-02 -1.267101372370973700e-01
-0.000000000000000000e+00 0.000000000000000000e+00 0.000000000000000000e+00 0.000000000000000000e+00 0.000000000000000000e+00 0.000000000000000000e+00
7.538185085355089687e-02 4.848763862733674324e-01 -4.168251215825017897e-01 -1.973513065575227543e-01 -2.448461973640167766e-01 -1.675841864589828201e-01
6.985624438454540730e-02 -3.987682828383560252e-01 -3.223520922171478897e-01 3.763489458188403747e-01 8.321209982978529374e-02 9.117441320597373736e-03
4.532794249775323747e-02 -7.477787777215021137e-02 1.843948181025592270e-01 -3.408819488518544799e-02 -3.502240883869774390e-01 -1.479483974553655878e-01
7.951482479784225538e-03 -3.214165167303563442e-02 1.402333750838261929e-02 -9.441349551311972732e-02 -1.134384287199425960e-02 9.178709311711020016e-03
4.851752021563316211e-03 -2.995661357886228449e-02 -3.133327607717695945e-02 4.968559058616171115e-02 2.776538896397865927e-02 -5.016187062839569388e-02
4.793351302785325146e-02 1.516543665710159694e-01 1.419858002908251648e-01 1.413904555873287394e-01 3.077194578776810685e-01 2.194962179418309123e-01
1.662174303683749792e-03 3.838684427358404067e-03 7.150447713851722405e-03 5.345181438121038645e-03 6.052165211008831043e-03 8.512896901483487083e-04
-0.000000000000000000e+00 0.000000000000000000e+00 0.000000000000000000e+00 0.000000000000000000e+00 0.000000000000000000e+00 0.000000000000000000e+00
3.373764600179784273e-02 2.203242722767203843e-01 -1.971156016824226198e-01 -9.652191481120477035e-02 -1.329406088964237009e-01 -1.002298065348384004e-01
1.347708894878725300e-04 4.998374789659773857e-04 3.196799828402372150e-04 4.166029045501677534e-04 1.285521622772869054e-03 1.162004097889035104e-03
1.967654986522889005e-02 -9.744913623863769858e-02 -5.513083979394140660e-02 6.321772331469152628e-02 -1.954573998506938318e-02 2.774896584885613859e-02
3.283917340521037842e-02 -1.546146593236063793e-01 1.035430001096940798e-02 -3.987608020981029955e-01 7.488324927311035273e-02 1.265180088479686549e-01
-0.000000000000000000e+00 0.000000000000000000e+00 0.000000000000000000e+00 0.000000000000000000e+00 0.000000000000000000e+00 0.000000000000000000e+00
4.851752021563212128e-03 -2.507624832019157701e-02 4.171962246475190497e-03 -1.273594908858126651e-01 1.369889137696828907e-01 -9.070524858769124510e-02
1.347708894878691689e-04 -7.887865367840305071e-04 -6.782924810409844338e-04 8.307229382190533303e-04 2.082826034314325711e-04 2.496947832463163681e-05
6.446540880503158488e-02 8.919487166593589866e-02 3.436456365595858542e-01 2.085219079256670494e-01 7.048634676081279304e-02 -1.511935282222101606e-01
8.984725965857954535e-05 -5.534804233520614894e-04 -5.766364234270112809e-04 9.135671988910127120e-04 5.038688079581538125e-04 -9.020175109401398815e-04
4.155435759209265278e-02 -1.448282447364872827e-01 8.419796736855049424e-02 -2.677387469173316270e-01 -2.902482976834039330e-01 1.316221438916426179e-01
5.318957771787914679e-02 -3.195773207083923428e-01 -3.129883191477463855e-01 4.727021390116072919e-01 2.299129988441713790e-01 -3.761759657965589310e-01
-0.000000000000000000e+00 0.000000000000000000e+00 0.000000000000000000e+00 0.000000000000000000e+00 0.000000000000000000e+00 0.000000000000000000e+00
6.868823000898634235e-02 3.752956081414877132e-01 -1.786371675301638706e-01 -3.008315633315984325e-02 1.571047468283397752e-01 2.227300723204316268e-01
2.412398921832846835e-02 -5.773972686906353458e-02 8.780689163366120487e-02 -9.761290921573013979e-02 -2.239341390862544801e-01 -1.707877070960472574e-02
5.287511230907498277e-02 1.373070216566216473e-01 2.254520185329331183e-01 1.991861791804817594e-01 3.791461905038587821e-01 2.281068686413668112e-01
7.857142857142820902e-02 -7.128505433874874654e-03 4.319831218369117320e-01 1.335255151364463932e-01 -3.705441505629856191e-01 -4.434806915548671347e-01
2.430368373764666898e-02 1.624258829926961412e-01 -1.543643379665959603e-01 -7.948534008568783338e-02 -1.272228109767558346e-01 -1.090777922230857511e-01
2.291105121293838393e-02 9.339298136051471522e-02 2.068113353989916789e-02 4.023865512924925530e-02 1.250862279241312935e-01 1.141532362272997120e-01
2.560646900269489355e-03 -1.273036346259847663e-02 -2.783459239343337530e-03 -1.615409634367741612e-02 -2.917844392351290946e-03 1.899410738302837257e-02
-0.000000000000000000e+00 0.000000000000000000e+00 0.000000000000000000e+00 0.000000000000000000e+00 0.000000000000000000e+00 0.000000000000000000e+00
4.519317160826523405e-02 -2.449125142064788319e-01 -1.493501737896819337e-01 6.908723948728874575e-02 -6.514822932621533447e-02 2.681459987122666866e-01
1.729559748427702062e-02 7.138832899935378118e-02 1.954927294092739104e-02 3.751642506772661506e-02 1.287268971333228873e-01 1.202697782000625298e-01
