-0.000000000000000000e+00 0.000000000000000000e+00 0.000000000000000000e+00 0.000000000000000000e+00 0.000000000000000000e+00 0.000000000000000000e+00
6.182121971595559706e-03 4.246630545726563094e-02 -4.332868652910496637e-02 -2.292284676126529058e-02 -4.114773596784893767e-02 -3.463504607731218710e-02
1.503759398496251447e-02 8.060009179304088861e-03 8.178876525012848675e-02 2.793433825957601993e-02 -5.763291983600219576e-02 -6.487685094909352579e-02
-0.000000000000000000e+00 0.000000000000000000e+00 0.000000000000000000e+00 0.000000000000000000e+00 0.000000000000000000e+00 0.000000000000000000e+00
8.939014202172012105e-03 3.370874660709752280e-02 1.908231325590461352e-02 2.632854363533336170e-02 7.777858846702194462e-02 6.004584943230464877e-02
6.140350877193044565e-02 -2.947653785042466668e-01 -5.499113667678645623e-02 -2.852264963186693092e-01 -1.559584142854189281e-01 4.606380679817106971e-01
-0.000000000000000000e+00 0.000000000000000000e+00 0.000000000000000000e+00 0.000000000000000000e+00 0.000000000000000000e+00 0.000000000000000000e+00
7.268170426065069523e-03 4.007741146272826571e-02 -1.972684009305966657e-02 -2.871129902553515040e-03 2.075309613133688100e-02 2.509966524529373341e-02
6.265664160401005411e-04 -3.038628811099494242e-03 -2.086051363202559399e-03 4.379629846210043344e-03 7.315499087025208484e-04 -3.847402779445527419e-03
-0.000000000000000000e+00 0.000000000000000000e+00 0.000000000000000000e+00 0.000000000000000000e+00 0.000000000000000000e+00 0.000000000000000000e+00
1.081871345029257643e-02 -5.338451199966467303e-02 1.178530921936454812e-02 -2.337813703954516875e-01 2.616533644760761224e-01 -1.728154623172989124e-01
5.000000000000010686e-02 5.985339210996883791e-02 2.653097072981354110e-01 1.656490285186722755e-01 1.806940798178718541e-02 -1.106187936672943239e-01
-0.000000000000000000e+00 0.000000000000000000e+00 0.000000000000000000e+00 0.000000000000000000e+00 0.000000000000000000e+00 0.000000000000000000e+00
7.259816207184512094e-02 4.710428765353263381e-01 -4.155135983424249058e-01 -1.932032493355498037e-01 -2.314336397205187523e-01 -1.477417213417539510e-01
6.850459482038429027e-02 -3.930884536592786915e-01 -3.022028151455370404e-01 3.447793627297160990e-01 4.537235812916778216e-02 6.029245735655748561e-02
4.436090225563944778e-02 -6.756683219240199045e-02 1.803500205139274004e-01 -4.315396595660075246e-02 -3.601674978645774683e-01 -1.411700660829732223e-01
8.855472013366864556e-03 -3.654925633086531650e-02 1.467199936784565999e-02 -1.102225937078614298e-01 1.492975332697315562e-02 -6.275026465805862153e-03
5.806182121971537047e-03 -3.636170261020699873e-02 -3.703245535623386764e-02 6.030632372419091058e-02 3.093803777895346233e-02 -6.986196893110094286e-02
4.695071010860461108e-02 1.540482585216087497e-01 1.329173359070280336e-01 1.405959785697348252e-01 3.105734105715235449e-01 2.085863288917947089e-01
1.587301587301583831e-03 4.003588084088610839e-03 6.463895678280052667e-03 5.123285417108444130e-03 6.037222777146248470e-03 1.760629306225584053e-03
-0.000000000000000000e+00 0.000000000000000000e+00 0.000000000000000000e+00 0.000000000000000000e+00 0.000000000000000000e+00 0.000000000000000000e+00
3.241436925647404182e-02 2.139280205686964198e-01 -1.972755595113719618e-01 -9.552932237068068044e-02 -1.311244049071716711e-01 -9.275668393198586992e-02
2.506265664160395551e-04 5.774110903271957064e-04 1.020221728118943585e-03 7.909969565871805344e-04 9.690504877198945818e-04 4.040309925901963348e-04
1.963241436925654976e-02 -9.707287272382202070e-02 -5.089001613050115475e-02 5.372120086747749629e-02 -2.922075312393310892e-02 4.562375825616492298e-02
3.387635756056857350e-02 -1.561356774494574717e-01 1.887397106636878874e-02 -3.953082792505117071e-01 1.032991491773532777e-01 8.806110317751564276e-02
-0.000000000000000000e+00 0.000000000000000000e+00 0.000000000000000000e+00 0.000000000000000000e+00 0.000000000000000000e+00 0.000000000000000000e+00
4.761904761904837795e-03 -2.377388140588233487e-02 5.398815135368395697e-03 -1.099651752416631739e-01 1.328275360244148551e-01 -9.205244378458320165e-02
1.253132832080204010e-04 -7.369792476088616023e-04 -6.017218758631771728e-04 7.218672248242812136e-04 1.091314815156314947e-04 1.569629194366735988e-04
6.562238930659998470e-02 1.027879672985423376e-01 3.444017988027077704e-01 2.155716989057423760e-01 5.810177865996075941e-02 -1.199701884680393765e-01
8.354218880534620213e-05 -5.200276693670944674e-04 -5.222415430301104644e-04 8.413558207001394776e-04 4.126630956031939433e-04 -9.055735011701858753e-04
4.152046783625785303e-02 -1.435673320796493624e-01 8.563679741792609712e-02 -2.884529975781893185e-01 -2.501149122721408879e-01 9.859449544976493784e-02
5.659983291562223351e-02 -3.437543373635666422e-01 -3.250579761409395085e-01 4.980240877190947879e-01 2.126295589229413030e-01 -4.310983186645137577e-01
-0.000000000000000000e+00 0.000000000000000000e+00 0.000000000000000000e+00 0.000000000000000000e+00 0.000000000000000000e+00 0.000000000000000000e+00
6.616541353383378898e-02 3.679206917560521317e-01 -1.895343410720079502e-01 -3.371493054183806459e-02 1.615258187900000253e-01 1.950736721783582484e-01
2.289055973266529084e-02 -5.307858078845154037e-02 8.293228889339036847e-02 -1.018683417686328946e-01 -2.063092429011491868e-01 -2.795084346152214294e-02
5.359231411862985101e-02 1.436765379247015584e-01 2.260874829956234233e-01 2.052342842349416108e-01 3.761467284079504370e-01 2.075491678473148083e-01
7.932330827067718415e-02 6.032084935922252082e-03 4.330560213924902757e-01 1.281819381710376238e-01 -4.307039448432914974e-01 -4.178726997964640200e-01
2.343358395989938309e-02 1.582108504527569293e-01 -1.547011051249927716e-01 -7.896364052503496156e-02 -1.281690331108646386e-01 -1.017197536614170006e-01
2.259816207184607920e-02 9.528097955716925693e-02 1.515992592266801435e-02 3.972908361071943173e-02 1.344197329647791039e-01 1.145715673401276197e-01
2.882205513784483371e-03 -1.427596154150473015e-02 -2.783081200808315472e-03 -1.757602215620628419e-02 -2.634326026172056912e-03 2.261253779609155232e-02
-0.000000000000000000e+00 0.000000000000000000e+00 0.000000000000000000e+00 0.000000000000000000e+00 0.000000000000000000e+00 0.000000000000000000e+00
4.753550543024245151e-02 -2.579989233035590024e-01 -1.477584430774873114e-01 5.514072437191563925e-02 -7.875311899212496247e-02 3.351106106582345534e-01
1.775271512113602707e-02 7.399420613915927425e-02 1.906939933808940446e-02 3.970663322716481286e-02 1.360920062902825078e-01 1.119879390522933310e-01
