0.000000000000000000e+00 0.000000000000000000e+00 0.000000000000000000e+00 0.000000000000000000e+00 0.000000000000000000e+00 0.000000000000000000e+00
7.417582417582761593e-03 -4.848216937597828180e-02 -5.484799840925663056e-02 -2.496399644708176616e-02 -6.604022836616434133e-02 7.628560151975882775e-02
1.620879120879128304e-02 -8.282836731748226267e-03 7.925171841742156831e-02 1.204735964756669178e-02 -5.020163739760929306e-02 1.175477892809800168e-02
0.000000000000000000e+00 0.000000000000000000e+00 0.000000000000000000e+00 0.000000000000000000e+00 0.000000000000000000e+00 0.000000000000000000e+00
1.126373626373655679e-02 -3.642501326642478415e-02 2.615578076590039866e-02 3.508183130613278661e-02 1.052977319977803916e-01 -9.241730358839628234e-03
5.879120879120641047e-02 3.257986498288545918e-01 -7.917048867795739575e-02 -4.215890280596397144e-01 3.151586746280354290e-01 3.058396634107767853e-01
0.000000000000000000e+00 0.000000000000000000e+00 0.000000000000000000e+00 0.000000000000000000e+00 0.000000000000000000e+00 0.000000000000000000e+00
9.890109890110250490e-03 -4.862933845224316071e-02 -2.225052764194470831e-02 4.018434624121574282e-03 5.283542727407163769e-02 -7.836735872700852090e-02
1.282051282051234345e-03 6.867640941668905555e-03 -3.767304180278093634e-03 8.507997506726780110e-03 -4.108369352961960611e-03 -1.329010016235669537e-03
0.000000000000000000e+00 0.000000000000000000e+00 0.000000000000000000e+00 0.000000000000000000e+00 0.000000000000000000e+00 0.000000000000000000e+00
0.000000000000000000e+00 0.000000000000000000e+00 0.000000000000000000e+00 0.000000000000000000e+00 0.000000000000000000e+00 0.000000000000000000e+00
5.952380952380982582e-02 -4.307138895318039784e-02 3.014001761331018825e-01 1.384289905464589909e-01 -1.460540216822071857e-01 2.870330731659454515e-01
0.000000000000000000e+00 0.000000000000000000e+00 0.000000000000000000e+00 0.000000000000000000e+00 0.000000000000000000e+00 0.000000000000000000e+00
7.344322344322661011e-02 -4.447154557695387478e-01 -4.233185140535528634e-01 -1.513530176008643924e-01 -2.207968987292820706e-01 9.742127314104659375e-02
5.164835164834944564e-02 3.314069225494383764e-01 -2.184025098738240356e-01 2.316598743648859982e-01 2.319486214232566873e-02 1.324723164843560619e-01
4.633699633699570053e-02 9.335262363960851462e-02 1.670535286520125340e-01 -1.539740092464020327e-01 -3.271517336309114343e-01 -2.478546422890868517e-01
9.157509157508839830e-04 3.796686571792643253e-03 1.395124774273615682e-03 -9.861588813695481778e-03 -3.104899298537175173e-04 -9.293976873238884648e-03
4.487179487179270877e-03 3.143086541858498145e-02 -2.694776734872416507e-02 5.249032931860243834e-02 -1.995555381745234280e-02 -4.455113657527052379e-02
5.943223443223563662e-02 -1.643932403190793978e-01 1.628737838057692511e-01 1.547108210698838471e-01 3.314275710022090426e-01 -1.367365132090857527e-01
2.197802197802239000e-03 -4.689086952362708088e-03 8.184339079112645798e-03 5.400334067120843295e-03 4.877490556719351993e-03 -2.266501022893515835e-03
0.000000000000000000e+00 0.000000000000000000e+00 0.000000000000000000e+00 0.000000000000000000e+00 0.000000000000000000e+00 0.000000000000000000e+00
3.260073260073401841e-02 -2.009038425024872732e-01 -1.991395835056551100e-01 -7.549248164096966640e-02 -1.291838798814580469e-01 8.074408127784460376e-02
1.831501831501879476e-04 -6.603263147420231679e-04 3.270926406978202829e-04 5.930296015423197706e-04 2.308573683784574497e-03 -7.093584108801069500e-04
1.813186813186743948e-02 9.781938940641536628e-02 -3.916408647177142127e-02 1.406800704171515780e-02 -2.384389036864093914e-04 3.707519625875695807e-02
2.142857142857056488e-02 1.136978795859458075e-01 -9.429999657344563871e-03 -2.407784871582527852e-01 1.428222039775295382e-01 3.590405950853924749e-02
0.000000000000000000e+00 0.000000000000000000e+00 0.000000000000000000e+00 0.000000000000000000e+00 0.000000000000000000e+00 0.000000000000000000e+00
0.000000000000000000e+00 0.000000000000000000e+00 0.000000000000000000e+00 0.000000000000000000e+00 0.000000000000000000e+00 0.000000000000000000e+00
0.000000000000000000e+00 0.000000000000000000e+00 0.000000000000000000e+00 0.000000000000000000e+00 0.000000000000000000e+00 0.000000000000000000e+00
8.168498168498233847e-02 -8.758042722205651442e-02 4.131322882043182987e-01 1.832228137824230274e-01 -1.472857437402771696e-01 3.094551557471748038e-01
0.000000000000000000e+00 0.000000000000000000e+00 0.000000000000000000e+00 0.000000000000000000e+00 0.000000000000000000e+00 0.000000000000000000e+00
4.175824175824041640e-02 1.681857343309229591e-01 5.984097960873767386e-02 -3.690347324695800180e-01 -5.773899489341870889e-02 -3.476959033386649578e-01
6.584249084248758321e-02 4.423749848112603633e-01 -3.472886162297838530e-01 6.061157511087298388e-01 -1.810855834500305628e-01 -2.974845411967281250e-01
0.000000000000000000e+00 0.000000000000000000e+00 0.000000000000000000e+00 0.000000000000000000e+00 0.000000000000000000e+00 0.000000000000000000e+00
7.289377289377566016e-02 -3.658044748834320958e-01 -1.921514889974636486e-01 5.331350240918170287e-03 2.681338695695323349e-01 -3.633062045701794252e-01
2.133699633699583098e-02 6.428839888524891244e-02 6.094086138911706391e-02 -1.605257588001564595e-01 -1.184200971854759421e-01 -2.642433559968802581e-01
5.164835164835251957e-02 -1.124333010673733840e-01 2.163025177224249807e-01 1.765215890580939806e-01 2.936990075046549409e-01 1.460820235972000725e-01
7.371794871794852544e-02 1.304592566976569244e-02 3.713363840531171411e-01 2.934470917961450737e-02 -4.536007252587438421e-01 1.277152505688101680e-01
2.893772893773023311e-02 -1.821877928345644881e-01 -1.898847773830864560e-01 -7.756335973529926431e-02 -1.626959861528129714e-01 1.444244225044119811e-01
3.141025641025731868e-02 -1.170465818257399176e-01 2.252121344402953015e-02 5.866829059630228327e-02 2.129018228212435360e-01 -2.389915983906766572e-01
3.754578754578603763e-03 2.183196247427985834e-02 -6.639927866968435739e-03 -2.863050540076296502e-02 2.730252358256143180e-02 3.106197163456407562e-02
0.000000000000000000e+00 0.000000000000000000e+00 0.000000000000000000e+00 0.000000000000000000e+00 0.000000000000000000e+00 0.000000000000000000e+00
3.443223443223293601e-02 2.124082811304255081e-01 -1.067723065896544754e-01 -5.026065753584411239e-02 1.449774606304930213e-01 2.609970288791716442e-01
1.739926739926786134e-02 -6.100066877329362452e-02 2.846010819724819133e-02 4.781610984771506034e-02 1.599311630014050578e-01 -4.219406565078769045e-02
