0.000000000000000000e+00 0.000000000000000000e+00 0.000000000000000000e+00 0.000000000000000000e+00 0.000000000000000000e+00 0.000000000000000000e+00
2.164502164502165856e-04 8.968059677107587243e-04 1.126361763907197900e-03 9.439520332917671747e-05 3.746611188127193571e-04 8.882739054295630014e-04
2.272727272727258566e-02 -3.146463294251297671e-02 -8.102598867858577802e-02 -8.790215912564038059e-02 -5.903112595330928941e-03 9.660483628098817666e-02
0.000000000000000000e+00 0.000000000000000000e+00 0.000000000000000000e+00 0.000000000000000000e+00 0.000000000000000000e+00 0.000000000000000000e+00
8.225108225108178697e-03 1.363731325059793463e-02 -2.615431603921890280e-02 -1.761102255115335607e-03 -2.638829627343532505e-02 -6.400974182639350418e-02
2.489177489177525279e-02 -3.553787169233740273e-01 8.609382529408217410e-02 -9.931703119706325467e-02 -5.647524276408721899e-01 2.577661646294871281e-02
0.000000000000000000e+00 0.000000000000000000e+00 0.000000000000000000e+00 0.000000000000000000e+00 0.000000000000000000e+00 0.000000000000000000e+00
1.818181818181822604e-02 5.943544043093573759e-02 3.873233202845816764e-02 1.525466438215634631e-03 -2.151075145146195966e-02 -6.063255364420392507e-02
1.082251082251097429e-03 -1.450523219872433371e-02 2.616269374197616529e-03 2.399818690443893815e-02 1.368389663303570467e-02 -3.010958404727078885e-03
0.000000000000000000e+00 0.000000000000000000e+00 0.000000000000000000e+00 0.000000000000000000e+00 0.000000000000000000e+00 0.000000000000000000e+00
0.000000000000000000e+00 0.000000000000000000e+00 0.000000000000000000e+00 0.000000000000000000e+00 0.000000000000000000e+00 0.000000000000000000e+00
6.515151515151466899e-02 8.361963127578224061e-03 -3.002433044947674379e-01 3.037312732317392835e-02 1.041934818218619441e-01 2.455804040694051782e-01
0.000000000000000000e+00 0.000000000000000000e+00 0.000000000000000000e+00 0.000000000000000000e+00 0.000000000000000000e+00 0.000000000000000000e+00
1.192640692640694750e-01 4.786057202592051141e-01 5.646917895765694029e-01 4.560624093474575230e-02 1.498343376857268761e-01 3.436343168602544740e-01
2.034632034632064684e-02 -2.680481942053936639e-01 4.746174391101161405e-02 3.826889159350113645e-01 1.526604454154940060e-01 -3.871615892796942404e-02
1.515151515151515801e-03 -6.111675525281154084e-03 -4.550520480852405375e-03 8.262545883475041000e-03 1.010657129675306826e-02 8.027443344349981247e-03
6.493506493506561806e-04 -8.050229318774401732e-03 1.684501623271871104e-03 -2.489249352696032772e-02 2.177868333813792398e-02 -3.239152963911970991e-03
2.164502164502197297e-04 -2.944131715205286059e-03 5.549244533421974828e-04 4.642963589650624286e-03 2.237574703945803111e-03 -5.866328590300209618e-04
9.285714285714270766e-02 1.563466552818265076e-01 -1.995972294977563788e-01 -3.210036283198031137e-02 -1.744582826581091706e-01 -3.809475435568024371e-01
2.164502164502161465e-03 5.003059035890680857e-03 -1.847463609310103817e-03 -5.641573921587935293e-04 -6.002376342746358444e-03 -1.480448548724025599e-02
0.000000000000000000e+00 0.000000000000000000e+00 0.000000000000000000e+00 0.000000000000000000e+00 0.000000000000000000e+00 0.000000000000000000e+00
4.696969696969710562e-02 1.920059142555788356e-01 2.351942833836818403e-01 1.948897820471387488e-02 7.303396936399766948e-02 1.718697277768728160e-01
0.000000000000000000e+00 0.000000000000000000e+00 0.000000000000000000e+00 0.000000000000000000e+00 0.000000000000000000e+00 0.000000000000000000e+00
7.575757575757641020e-03 -8.205970635390057166e-02 6.632272111042998401e-03 1.323288692805373312e-01 7.699382435250581858e-02 -1.605854886818501538e-03
1.103896103896115366e-02 -1.537205713191411027e-01 3.948693651553219358e-02 -4.588651329493338427e-01 4.247236264865468236e-01 -8.227119937410341810e-02
0.000000000000000000e+00 0.000000000000000000e+00 0.000000000000000000e+00 0.000000000000000000e+00 0.000000000000000000e+00 0.000000000000000000e+00
0.000000000000000000e+00 0.000000000000000000e+00 0.000000000000000000e+00 0.000000000000000000e+00 0.000000000000000000e+00 0.000000000000000000e+00
0.000000000000000000e+00 0.000000000000000000e+00 0.000000000000000000e+00 0.000000000000000000e+00 0.000000000000000000e+00 0.000000000000000000e+00
9.437229437229380236e-02 3.386355863169845937e-02 -4.028123796622719022e-01 -3.594652007756361789e-02 6.033608998545701707e-02 2.664770267912786039e-01
0.000000000000000000e+00 0.000000000000000000e+00 0.000000000000000000e+00 0.000000000000000000e+00 0.000000000000000000e+00 0.000000000000000000e+00
2.272727272727290831e-02 -2.660445167170372160e-01 4.533984555050483978e-02 -4.915372731081376068e-01 -1.503917143881966234e-01 6.123568135514031313e-02
2.640692640692669790e-02 -3.224365515041006103e-01 4.402135157794021675e-02 5.804823085729748922e-01 4.191527449620229828e-01 -5.691216506148862042e-02
0.000000000000000000e+00 0.000000000000000000e+00 0.000000000000000000e+00 0.000000000000000000e+00 0.000000000000000000e+00 0.000000000000000000e+00
1.281385281385283292e-01 4.305783137049285503e-01 3.176261017163926614e-01 1.624465149322623994e-02 -9.706851980246115896e-02 -2.840505043417754782e-01
6.493506493506521690e-03 -5.306685479667472977e-02 -4.746162894180164867e-04 -1.149643045285423243e-01 -2.546125687731643980e-02 2.856351639040767554e-02
7.532467532467503057e-02 9.683314842225881902e-02 -2.758754904770489014e-01 -1.541196699760282243e-02 -1.582731235918908019e-01 -3.574827436114959012e-01
6.428571428571387691e-02 -3.294024865616800718e-02 -3.115905419398082299e-01 3.766168324355283203e-02 1.794234647226485846e-01 4.265254889873716371e-01
3.463203463203468752e-02 1.421922538744592734e-01 1.756694342157983646e-01 1.458296952975350613e-02 5.585824430372672567e-02 1.318572524882684616e-01
6.991341991341984419e-02 1.662193595598105977e-01 -3.029896157801992632e-02 -1.393044327490088226e-02 -1.430583631952338508e-01 -3.479609290382384978e-01
0.000000000000000000e+00 0.000000000000000000e+00 0.000000000000000000e+00 0.000000000000000000e+00 0.000000000000000000e+00 0.000000000000000000e+00
0.000000000000000000e+00 0.000000000000000000e+00 0.000000000000000000e+00 0.000000000000000000e+00 0.000000000000000000e+00 0.000000000000000000e+00
1.580086580086609988e-02 -2.278698262983083755e-01 5.425430441845979779e-02 8.229787490168659347e-02 -3.245639232429288756e-01 2.822106622448619997e-03
1.883116883116884438e-02 4.066158267217986899e-02 -2.671546476711066098e-02 -3.086230173486706474e-03 -4.655946813068646828e-02 -1.136320673509607360e-01
