-0.000000000000000000e+00 0.000000000000000000e+00 0.000000000000000000e+00 0.000000000000000000e+00 0.000000000000000000e+00 0.000000000000000000e+00
7.224958949096770000e-03 4.911213510834926133e-02 5.163126926487481005e-02 2.208360996304035637e-02 5.675438078143377196e-02 -6.390264635282578987e-02
1.756978653530377049e-02 5.796417179840019501e-03 -9.053183158982361367e-02 -1.114826000053767766e-02 6.906137548283229621e-02 -3.488978730388994642e-02
-0.000000000000000000e+00 0.000000000000000000e+00 0.000000000000000000e+00 0.000000000000000000e+00 0.000000000000000000e+00 0.000000000000000000e+00
1.247947454843987419e-02 4.079063935515121753e-02 -3.423760913396449446e-02 -4.293834941326958587e-02 -1.364128506613025427e-01 4.268137580474649223e-02
7.134646962233316680e-02 -3.726036133602023681e-01 1.169725317779448520e-01 4.628505122415949025e-01 -3.207001570237432153e-01 -2.274847374460599869e-01
-0.000000000000000000e+00 0.000000000000000000e+00 0.000000000000000000e+00 0.000000000000000000e+00 0.000000000000000000e+00 0.000000000000000000e+00
8.949096880131254469e-03 4.606843989808288853e-02 1.989927934982614957e-02 -4.111833055494912119e-03 -4.062870053658793751e-02 6.115674092044878080e-02
1.149425287356325293e-03 -5.863308294647804654e-03 3.527677176811305076e-03 -8.569487180874005641e-03 4.114851496373088564e-03 1.199478855445484113e-03
-0.000000000000000000e+00 0.000000000000000000e+00 0.000000000000000000e+00 0.000000000000000000e+00 0.000000000000000000e+00 0.000000000000000000e+00
-0.000000000000000000e+00 0.000000000000000000e+00 0.000000000000000000e+00 0.000000000000000000e+00 0.000000000000000000e+00 0.000000000000000000e+00
5.476190476190459511e-02 3.007503261349780965e-02 -2.871500395595418809e-01 -1.080359662881533317e-01 1.402057059132538752e-01 -2.478779605075666359e-01
-0.000000000000000000e+00 0.000000000000000000e+00 0.000000000000000000e+00 0.000000000000000000e+00 0.000000000000000000e+00 0.000000000000000000e+00
7.167487684728945929e-02 4.542488033632244848e-01 4.069408329273433433e-01 1.358586897816531913e-01 2.146127284893271925e-01 -9.981317674902359660e-02
4.901477832512355498e-02 -2.962955878642667962e-01 2.122625691256323777e-01 -2.289420468895575766e-01 -2.762367944806671735e-02 -1.769524650379654396e-01
4.942528735632245596e-02 -1.036053514789308794e-01 -1.647463842317037908e-01 1.625632139206924232e-01 3.145182573468499609e-01 2.094573200800940449e-01
1.149425287356339387e-03 -5.059231696303138383e-03 -2.779535678824871284e-04 1.058870969454874141e-02 -1.299386784687196110e-03 9.167792773736308659e-03
4.022988505747139391e-03 -2.662814549528725455e-02 2.512760809516072572e-02 -5.575444527347082901e-02 2.225717081619379631e-02 5.007208136596456860e-02
5.591133004926054223e-02 1.508016028633095973e-01 -1.770618935285414586e-01 -1.495355579848353933e-01 -2.970249498113507469e-01 9.005946819685931026e-02
2.134646962233152125e-03 4.258457509865950022e-03 -8.846107872398530775e-03 -5.036455627411632642e-03 -2.807735875969227281e-03 -1.610704235314741346e-03
-0.000000000000000000e+00 0.000000000000000000e+00 0.000000000000000000e+00 0.000000000000000000e+00 0.000000000000000000e+00 0.000000000000000000e+00
3.308702791461358428e-02 2.118995278099057855e-01 1.945375621370287189e-01 6.757185434272953983e-02 1.164338419674714187e-01 -6.767479421175776055e-02
2.463054187192084969e-04 7.771350745826464609e-04 -7.849387114135488374e-04 -9.491419132177252070e-04 -3.110987494939074487e-03 9.929157969949136721e-04
1.666666666666686072e-02 -8.553754577334488074e-02 3.905300430498593461e-02 -1.705010169448806928e-02 5.275444365769263195e-04 -3.697054339454910327e-02
2.159277504105146933e-02 -1.106030341169701031e-01 2.291949160659849730e-02 2.167055321165904103e-01 -1.242117304198405991e-01 4.330548579673295512e-02
-0.000000000000000000e+00 0.000000000000000000e+00 0.000000000000000000e+00 0.000000000000000000e+00 0.000000000000000000e+00 0.000000000000000000e+00
-0.000000000000000000e+00 0.000000000000000000e+00 0.000000000000000000e+00 0.000000000000000000e+00 0.000000000000000000e+00 0.000000000000000000e+00
-0.000000000000000000e+00 0.000000000000000000e+00 0.000000000000000000e+00 0.000000000000000000e+00 0.000000000000000000e+00 0.000000000000000000e+00
8.029556650246266747e-02 7.669736760848884505e-02 -4.253873847889418913e-01 -1.615830157477472495e-01 1.555240783544059313e-01 -3.283076709337847676e-01
-0.000000000000000000e+00 0.000000000000000000e+00 0.000000000000000000e+00 0.000000000000000000e+00 0.000000000000000000e+00 0.000000000000000000e+00
3.957307060755434203e-02 -1.551364853535139032e-01 -3.912368264096032638e-02 3.183855792463322065e-01 6.333937344025017402e-02 3.901998779260604788e-01
5.903119868637142498e-02 -3.747655540916656758e-01 3.233323059901568319e-01 -6.330213951876518808e-01 2.017108425897945478e-01 3.214248789810472129e-01
-0.000000000000000000e+00 0.000000000000000000e+00 0.000000000000000000e+00 0.000000000000000000e+00 0.000000000000000000e+00 0.000000000000000000e+00
7.331691297208434155e-02 3.890969005022685279e-01 2.008501323955162177e-01 -4.523411472647504220e-03 -2.181764639335644074e-01 3.138454538137542271e-01
2.044334975369501567e-02 -5.975400323870821290e-02 -5.279142152093203866e-02 1.393119640721032226e-01 1.138940293978077112e-01 2.595479899029080606e-01
5.049261083743792483e-02 1.083324811572771718e-01 -2.284096407542721974e-01 -1.758807289298684462e-01 -3.325848696976932972e-01 -5.319592439673605927e-02
7.463054187192134925e-02 -2.783634545025796131e-02 -3.785533262460159531e-01 2.965661214087138287e-03 4.686446540179853293e-01 -1.403701609489458879e-01
2.733990147783208965e-02 1.797606859114906919e-01 1.755367295538645123e-01 6.739844995254945514e-02 1.435386968354997461e-01 -1.254111557438579161e-01
2.824302134646924575e-02 1.072470797416089638e-01 -2.681735891763525198e-02 -5.401980527526468318e-02 -1.669173490349878664e-01 1.696044190985759037e-01
3.366174055829291700e-03 -1.850427196850238168e-02 7.078299848171134591e-03 2.387144721548285775e-02 -2.164134243724321130e-02 -1.998354667848853752e-02
-0.000000000000000000e+00 0.000000000000000000e+00 0.000000000000000000e+00 0.000000000000000000e+00 0.000000000000000000e+00 0.000000000000000000e+00
4.737274220032910294e-02 -2.744811264118243721e-01 1.519571391160560170e-01 8.530084450111878602e-02 -2.081504610446473225e-01 -4.124541901147768530e-01
1.748768472906380919e-02 6.171089889754976382e-02 -3.690685960596354342e-02 -5.435606632805382865e-02 -1.838468671614340300e-01 7.418418474216799396e-02
