-0.000000000000000000e+00 0.000000000000000000e+00 0.000000000000000000e+00 0.000000000000000000e+00 0.000000000000000000e+00 0.000000000000000000e+00
6.746031746031510429e-03 4.283940438136808054e-02 -4.565045251181849145e-02 -3.008761131339916794e-02 -5.057381881337300045e-02 3.577179021690819055e-02
1.649659863945560426e-02 4.440825588619171441e-03 9.391794974374084726e-02 1.770927047579491653e-02 -8.162750637883364746e-02 4.593697034569331483e-02
-0.000000000000000000e+00 0.000000000000000000e+00 0.000000000000000000e+00 0.000000000000000000e+00 0.000000000000000000e+00 0.000000000000000000e+00
1.111111111111082357e-02 3.998723682591144579e-02 2.357998945698008483e-02 4.807947889477466596e-02 1.035391441518107858e-01 -4.550582918151227507e-02
6.768707482993453761e-02 -3.303476623115046418e-01 -8.176462760222451276e-02 -3.765851899266227654e-01 3.420526794201420584e-01 2.897144397118202042e-01
-0.000000000000000000e+00 0.000000000000000000e+00 0.000000000000000000e+00 0.000000000000000000e+00 0.000000000000000000e+00 0.000000000000000000e+00
6.859410430838761182e-03 3.448690120003814613e-02 -1.484675426531539312e-02 3.616356597842730006e-03 2.822134839895230202e-02 -2.802149519907907310e-02
7.936507936508266099e-04 -3.810563558327451864e-03 -2.498380513374235182e-03 5.475848597524435486e-03 -3.652820394210896330e-03 -2.601318603354626710e-03
-0.000000000000000000e+00 0.000000000000000000e+00 0.000000000000000000e+00 0.000000000000000000e+00 0.000000000000000000e+00 0.000000000000000000e+00
3.968253968254066371e-04 -1.598353682046054457e-03 8.383810089794380919e-04 -5.590098527616632618e-03 1.346305457142392631e-03 -1.008290684596364201e-02
4.149659863945517890e-02 3.219882123386656747e-02 2.292873862135291207e-01 1.243910822616489387e-01 -9.265949775611859174e-02 1.489425416191369478e-01
-0.000000000000000000e+00 0.000000000000000000e+00 0.000000000000000000e+00 0.000000000000000000e+00 0.000000000000000000e+00 0.000000000000000000e+00
8.191609977323960345e-02 4.876577683279457176e-01 -4.334378594724145328e-01 -2.225193961187516001e-01 -2.319719100026490510e-01 7.970738037779194485e-02
6.547619047619369914e-02 -3.728300820123653381e-01 -2.891245773412307041e-01 2.829103713961321209e-01 6.620653190450129406e-03 2.345597722434106247e-01
4.909297052154234370e-02 -9.898184781694337186e-02 1.972187971386103467e-01 -1.722390429806153200e-01 -2.798959556108162605e-01 -9.169432132733972007e-02
5.385487528344804105e-03 -2.114355650174457035e-02 1.035889995016828387e-02 -6.343418695021633968e-02 1.334502855325355244e-02 -8.663180271328307924e-02
4.478458049886875278e-03 -2.766207802052493558e-02 -2.895133726134802021e-02 5.299951567923034956e-02 -2.967874732576901084e-02 -6.889667414331646089e-02
4.801587301587168649e-02 1.433463387160068825e-01 1.415639733739900152e-01 1.821965187019602694e-01 2.544627136361736208e-01 -7.253493257094269231e-02
1.814058956916054545e-03 4.015031493237555468e-03 7.770621774969119384e-03 6.595829501454124853e-03 3.000919337364896765e-03 2.437040971029677365e-03
-0.000000000000000000e+00 0.000000000000000000e+00 0.000000000000000000e+00 0.000000000000000000e+00 0.000000000000000000e+00 0.000000000000000000e+00
3.339002267573573657e-02 2.022165817518550568e-01 -1.889638400981944744e-01 -1.044700455661905225e-01 -1.281060567903755110e-01 6.027843553981467040e-02
1.700680272108791920e-04 6.032952289261224194e-04 4.145269068971723985e-04 8.205288564709930328e-04 1.823627881002938111e-03 -8.273206681295343238e-04
2.063492063492147408e-02 -1.045196917909612389e-01 -5.715346752309719003e-02 3.591677158247450624e-02 4.176407545863733591e-03 8.877782114855121975e-02
2.545351473922994809e-02 -1.185586158988802263e-01 8.088284408389964262e-04 -2.698085412752455059e-01 1.962129354554710825e-01 -9.810129621683344459e-02
-0.000000000000000000e+00 0.000000000000000000e+00 0.000000000000000000e+00 0.000000000000000000e+00 0.000000000000000000e+00 0.000000000000000000e+00
-0.000000000000000000e+00 0.000000000000000000e+00 0.000000000000000000e+00 0.000000000000000000e+00 0.000000000000000000e+00 0.000000000000000000e+00
1.700680272108936390e-04 -9.935063045160531185e-04 -8.248550549936850508e-04 8.788399472964867698e-04 2.354451633967653764e-05 9.623360832685975801e-04
6.683673469387634014e-02 7.634558526753934538e-02 3.729326452345103626e-01 2.043332215381230554e-01 -1.368602636104831460e-01 2.454469623530923794e-01
-0.000000000000000000e+00 0.000000000000000000e+00 0.000000000000000000e+00 0.000000000000000000e+00 0.000000000000000000e+00 0.000000000000000000e+00
4.280045351474021098e-02 -1.485950303287754959e-01 9.631289320138344823e-02 -3.557877224591303733e-01 -3.062952775149298257e-02 -3.322327325028173184e-01
5.283446712018420588e-02 -3.169803202722866198e-01 -3.080599870628223935e-01 5.161680532056552861e-01 -2.486983937923693266e-01 -4.815658538763749608e-01
-0.000000000000000000e+00 0.000000000000000000e+00 0.000000000000000000e+00 0.000000000000000000e+00 0.000000000000000000e+00 0.000000000000000000e+00
7.556689342403377641e-02 3.792403199849621598e-01 -1.660689440898892033e-01 3.147479342993664275e-02 2.670530520695787446e-01 -2.412074601918294536e-01
2.386621315192774886e-02 -6.683770433434169100e-02 8.385546636156879230e-02 -1.827481666996955689e-01 -9.702441427752056535e-02 -2.355298755286112100e-01
5.113378684807139141e-02 1.278245816212262853e-01 2.200409737806548471e-01 2.535661474128220183e-01 3.243276652508339519e-01 -1.938433233977759212e-02
7.454648526077040094e-02 -2.612518063999587359e-02 4.209049157828271270e-01 1.353515042121025691e-02 -4.802179091722006965e-01 1.919584856756590407e-01
2.749433106575858987e-02 1.707296629598781812e-01 -1.712677913493310389e-01 -1.045190666094803073e-01 -1.548001537481827894e-01 9.510077206564565566e-02
2.568027210884278946e-02 9.785227457210049495e-02 2.673533727189124701e-02 6.964144365294211436e-02 1.391492678758784740e-01 -8.350848476160414868e-02
2.494331065759747279e-03 -1.271514333571413177e-02 -3.987329135666984985e-03 -1.544670736154278926e-02 1.752881719296340082e-02 1.604371190308703440e-02
-0.000000000000000000e+00 0.000000000000000000e+00 0.000000000000000000e+00 0.000000000000000000e+00 0.000000000000000000e+00 0.000000000000000000e+00
4.960317460317687638e-02 -2.690774138875335897e-01 -1.569614966514038534e-01 -1.692913403575189990e-02 1.757771807563250077e-01 4.493312604695379187e-01
1.955782312925112912e-02 7.699212154311836642e-02 2.302011429164401227e-02 6.985568767095592935e-02 1.677356847348394631e-01 -8.664308405366993870e-02
