-0.000000000000000000e+00 0.000000000000000000e+00 0.000000000000000000e+00 0.000000000000000000e+00 0.000000000000000000e+00 0.000000000000000000e+00
6.128747795414515864e-03 4.162638989461197453e-02 -4.290269049237740995e-02 -2.185327092796143095e-02 -3.947010200681118353e-02 -3.671105219766031963e-02
1.569664902998222852e-02 7.405583125453113480e-03 8.684932953753905782e-02 2.807242765988484517e-02 -5.358967352718908839e-02 -7.469976467664364572e-02
-0.000000000000000000e+00 0.000000000000000000e+00 0.000000000000000000e+00 0.000000000000000000e+00 0.000000000000000000e+00 0.000000000000000000e+00
9.215167548500902486e-03 3.460681229890092553e-02 1.994618985594677485e-02 2.579351936097704773e-02 7.751949769139965252e-02 6.763173453465801122e-02
6.238977072310396971e-02 -2.991701244083557754e-01 -6.009083876498669263e-02 -2.830372446798657959e-01 -1.954459997880516331e-01 4.574256061659486283e-01
-0.000000000000000000e+00 0.000000000000000000e+00 0.000000000000000000e+00 0.000000000000000000e+00 0.000000000000000000e+00 0.000000000000000000e+00
7.231040564373934949e-03 3.861928526412617552e-02 -1.668627549912272620e-02 -9.353268111781191376e-04 2.304042522915082658e-02 3.133469834305049884e-02
6.613756613756707715e-04 -3.183302518112991579e-03 -2.175373287306256020e-03 4.765993347206626783e-03 1.247516511103295049e-03 -4.119717781685253155e-03
-0.000000000000000000e+00 0.000000000000000000e+00 0.000000000000000000e+00 0.000000000000000000e+00 0.000000000000000000e+00 0.000000000000000000e+00
1.124338624338612307e-02 -5.670693242485964902e-02 8.802614415515806062e-03 -2.677880474282579026e-01 2.707708362789466583e-01 -1.665428941597203449e-01
4.775132275132236426e-02 5.233196750368940275e-02 2.564228582063891593e-01 1.488915559320010962e-01 2.333682827668927609e-02 -1.289461525091482041e-01
-0.000000000000000000e+00 0.000000000000000000e+00 0.000000000000000000e+00 0.000000000000000000e+00 0.000000000000000000e+00 0.000000000000000000e+00
7.398589065255795072e-02 4.752163705301204466e-01 -4.236720388017987671e-01 -1.909461124515565988e-01 -2.429330681232962086e-01 -1.690415266066446487e-01
7.067901234567973423e-02 -4.031806518526381278e-01 -3.144333372686455852e-01 3.827284887083157727e-01 8.480755698884097360e-02 3.980761466189466566e-03
4.448853615520233229e-02 -6.958241661224062735e-02 1.824840448657129022e-01 -3.892133631966169377e-02 -3.513598709659389585e-01 -1.515577192780781512e-01
8.201058201058118724e-03 -3.331614198844863595e-02 1.323985539998572339e-02 -9.692668412529692468e-02 -1.095135891456459204e-02 1.231582803851479120e-02
4.761904761904830856e-03 -2.935483565223863736e-02 -2.955709535258809265e-02 4.907724715454151593e-02 2.718166413098793005e-02 -4.882272311510964941e-02
4.845679012345679298e-02 1.550460509796255382e-01 1.444440991363881432e-01 1.398553167287807653e-01 3.076909577329456358e-01 2.201966338532029277e-01
1.675485008818337115e-03 4.099444786888707670e-03 7.056174036204392909e-03 5.198343697340940435e-03 6.418497379296141808e-03 1.539611200247793148e-03
-0.000000000000000000e+00 0.000000000000000000e+00 0.000000000000000000e+00 0.000000000000000000e+00 0.000000000000000000e+00 0.000000000000000000e+00
3.311287477954175107e-02 2.159129269994907452e-01 -2.003345731240218086e-01 -9.347825033334067335e-02 -1.321653021104252645e-01 -1.012250788495562825e-01
2.645502645502628334e-04 5.947208629586797461e-04 1.096436982655696508e-03 7.961441893869628580e-04 1.030192482769460563e-03 4.309699474875164100e-04
1.948853615520296928e-02 -9.629077003246198918e-02 -5.232540135190430486e-02 6.265321160339662465e-02 -1.955285063395185985e-02 2.547769977740887981e-02
3.337742504409142719e-02 -1.564355333696011707e-01 9.521533515842292919e-03 -3.983903330697988188e-01 6.956360079793426354e-02 1.309942969628010712e-01
-0.000000000000000000e+00 0.000000000000000000e+00 0.000000000000000000e+00 0.000000000000000000e+00 0.000000000000000000e+00 0.000000000000000000e+00
4.761904761904691211e-03 -2.452034473229836725e-02 3.732354730926812358e-03 -1.246545492542192185e-01 1.391232799147175958e-01 -9.070635801033573309e-02
1.322751322751343169e-04 -7.735505959561510920e-04 -6.418315646376961245e-04 8.207444387696234862e-04 2.063955719833153988e-04 1.058759034952821282e-05
6.459435626102273675e-02 9.681460838733282892e-02 3.447466182156841974e-01 2.019118528345035801e-01 7.235723437236746269e-02 -1.440178673350533955e-01
8.818342151675660431e-05 -5.423507271719637396e-04 -5.438681336384982483e-04 9.020418053307588044e-04 4.928584356484209733e-04 -8.770873362886432269e-04
4.078483245149858855e-02 -1.404703985200743133e-01 8.260420493473329129e-02 -2.655213767569957750e-01 -2.912829143915513508e-01 1.251138551505804053e-01
5.401234567901312678e-02 -3.240298425834893248e-01 -3.054182275422576698e-01 4.821734939751816662e-01 2.321401158406915244e-01 -3.780120909631401460e-01
-0.000000000000000000e+00 0.000000000000000000e+00 0.000000000000000000e+00 0.000000000000000000e+00 0.000000000000000000e+00 0.000000000000000000e+00
6.772486772486813189e-02 3.696316911766229230e-01 -1.819569157042536522e-01 -2.730779141289418552e-02 1.607565757350896130e-01 2.273926844141189174e-01
2.372134038800665506e-02 -5.526623264691260529e-02 8.644522825720107884e-02 -9.922349270826494316e-02 -2.245398281840420285e-01 -1.969798196114631514e-02
5.242504409171065000e-02 1.391491669454045232e-01 2.247464811578339938e-01 1.920906128647243416e-01 3.681170047498942277e-01 2.192911503649555560e-01
7.782186948853549169e-02 2.396540324286097496e-03 4.303865639984108538e-01 1.237092771658199336e-01 -3.716573226361095661e-01 -4.419485650034269408e-01
2.385361552028240559e-02 1.591586097670546207e-01 -1.568907045904542608e-01 -7.710610226181355276e-02 -1.268632829134254125e-01 -1.103466401679947667e-01
2.385361552028224599e-02 9.834989906743367427e-02 2.054469990036225310e-02 4.179477982508612854e-02 1.367410476232957250e-01 1.292646390622997077e-01
2.513227513227503287e-03 -1.246524494401801859e-02 -2.648450459770413257e-03 -1.582900369608424007e-02 -2.870266072452487809e-03 1.827170888593143000e-02
-0.000000000000000000e+00 0.000000000000000000e+00 0.000000000000000000e+00 0.000000000000000000e+00 0.000000000000000000e+00 0.000000000000000000e+00
4.753086419753121961e-02 -2.575923885747489206e-01 -1.522656949261641801e-01 7.360926262769967865e-02 -6.792636645922504879e-02 2.769543252607915007e-01
1.737213403880076210e-02 7.192099426955837760e-02 1.947402971661422663e-02 3.707460831825114961e-02 1.280661209832702208e-01 1.196464289330986253e-01
