-0.000000000000000000e+00 0.000000000000000000e+00 0.000000000000000000e+00 0.000000000000000000e+00 0.000000000000000000e+00 0.000000000000000000e+00
6.547619047619280229e-03 4.282406874784423084e-02 5.167453836508829890e-02 2.856976898271224377e-02 5.424239773180381669e-02 -4.020096972784274747e-02
1.889880952380952953e-02 7.723782385672844572e-03 -1.005044668987886275e-01 -1.370720275390161294e-02 8.603504113326453095e-02 -5.135518898787302250e-02
-0.000000000000000000e+00 0.000000000000000000e+00 0.000000000000000000e+00 0.000000000000000000e+00 0.000000000000000000e+00 0.000000000000000000e+00
1.398809523809551106e-02 5.220331495797729537e-02 -2.353884099745649425e-02 -4.970674261520606485e-02 -1.353079369744994709e-01 7.613329052271500252e-02
6.808035714285529116e-02 -3.638958642928457055e-01 8.189284455390784256e-02 4.185478415712465261e-01 -3.222595727925313680e-01 -2.132418231849711465e-01
-0.000000000000000000e+00 0.000000000000000000e+00 0.000000000000000000e+00 0.000000000000000000e+00 0.000000000000000000e+00 0.000000000000000000e+00
8.110119047619233912e-03 4.019330805961383868e-02 1.781406594881854849e-02 -5.012934715107069186e-03 -3.578811943226162945e-02 3.475189073516179311e-02
1.041666666666641065e-03 -5.502448918579601334e-03 3.317145272834502896e-03 -7.604168334064094655e-03 4.198069834754053660e-03 1.527850042207596661e-03
-0.000000000000000000e+00 0.000000000000000000e+00 0.000000000000000000e+00 0.000000000000000000e+00 0.000000000000000000e+00 0.000000000000000000e+00
-0.000000000000000000e+00 0.000000000000000000e+00 0.000000000000000000e+00 0.000000000000000000e+00 0.000000000000000000e+00 0.000000000000000000e+00
5.014880952380970647e-02 4.191552202826287488e-02 -2.610754498013868052e-01 -1.173733902587945216e-01 1.304961956876206364e-01 -2.181361694275025243e-01
-0.000000000000000000e+00 0.000000000000000000e+00 0.000000000000000000e+00 0.000000000000000000e+00 0.000000000000000000e+00 0.000000000000000000e+00
7.232142857143067372e-02 4.404744605211798336e-01 4.448660571238624573e-01 1.944639527974288407e-01 2.383512507338335362e-01 -7.930415597349570189e-02
4.888392857142730141e-02 -3.065931109649602249e-01 2.121293621282491493e-01 -2.129791922929864245e-01 -2.457379518608129865e-02 -1.978320360471038930e-01
4.821428571428508503e-02 -9.448491080702461908e-02 -1.882333357656077732e-01 1.562212323099136935e-01 2.885166361534194923e-01 1.647627969810442072e-01
1.264880952380922517e-03 -5.461858197719209052e-03 -1.524890871771738881e-03 1.168099169369036378e-02 -1.268451167729938746e-03 1.204592820068309776e-02
4.241071428571317227e-03 -2.922917826149989615e-02 2.796860055158183894e-02 -5.742900270882905778e-02 2.759335727958692891e-02 5.741417143565624714e-02
5.602678571428661852e-02 1.667375779870420016e-01 -1.549474549923475775e-01 -1.705730316178927786e-01 -2.649882825766858296e-01 4.593523380850825927e-02
2.380952380952406321e-03 5.331296485229485189e-03 -9.754727817567988499e-03 -7.021429470676476131e-03 -3.373966161596291848e-03 -5.843981632809189426e-03
-0.000000000000000000e+00 0.000000000000000000e+00 0.000000000000000000e+00 0.000000000000000000e+00 0.000000000000000000e+00 0.000000000000000000e+00
3.035714285714374155e-02 1.867697596067567078e-01 1.935759032724773399e-01 8.768428521701725209e-02 1.155525658917572751e-01 -4.553492032459209582e-02
2.232142857142903423e-04 8.015866092293258069e-04 -4.998928553249943610e-04 -9.139195616041127313e-04 -2.484349868392147966e-03 1.416276712033671123e-03
1.703869047619009300e-02 -9.143662708560525154e-02 3.984800678218416298e-02 -1.755833115833241309e-02 -4.889610074993756827e-03 -5.395851550628340959e-02
2.306547619047549097e-02 -1.196004553842179435e-01 8.186802974825824197e-03 2.297681239460675207e-01 -1.442596894645833683e-01 6.666090082154829677e-02
-0.000000000000000000e+00 0.000000000000000000e+00 0.000000000000000000e+00 0.000000000000000000e+00 0.000000000000000000e+00 0.000000000000000000e+00
-0.000000000000000000e+00 0.000000000000000000e+00 0.000000000000000000e+00 0.000000000000000000e+00 0.000000000000000000e+00 0.000000000000000000e+00
-0.000000000000000000e+00 0.000000000000000000e+00 0.000000000000000000e+00 0.000000000000000000e+00 0.000000000000000000e+00 0.000000000000000000e+00
7.730654761904812156e-02 9.438602049265872040e-02 -4.068688641807876594e-01 -1.835598214999775712e-01 1.701627988596825514e-01 -3.431234542146406330e-01
-0.000000000000000000e+00 0.000000000000000000e+00 0.000000000000000000e+00 0.000000000000000000e+00 0.000000000000000000e+00 0.000000000000000000e+00
4.270833333333221016e-02 -1.671159555289035703e-01 -7.306053332639617093e-02 3.460176500397842969e-01 3.426400197381396229e-02 3.962335714730309544e-01
5.647321428571271118e-02 -3.741103108458722071e-01 3.263270778038124820e-01 -5.996956444465370017e-01 2.384618991983639413e-01 3.722564706810400081e-01
-0.000000000000000000e+00 0.000000000000000000e+00 0.000000000000000000e+00 0.000000000000000000e+00 0.000000000000000000e+00 0.000000000000000000e+00
7.425595238095425432e-02 3.736044283670302280e-01 1.887744404983683344e-01 -1.911421479354932437e-02 -2.427010242265422446e-01 2.291830560787244675e-01
2.269345238095205053e-02 -6.606354731264360569e-02 -7.451472741017794998e-02 1.608305881677881688e-01 1.097805813296143795e-01 2.788786361895312926e-01
5.438988095238175141e-02 1.444720013146618409e-01 -2.051371039555323350e-01 -2.117972666703961115e-01 -3.377833182392571132e-01 4.544324606695510776e-02
7.261904761904752759e-02 -1.816600094891425085e-02 -3.849392433833768723e-01 1.127732574454999191e-03 4.505357406627807371e-01 -1.587000188690287916e-01
2.671130952381034138e-02 1.688428430759299492e-01 1.875711612910644643e-01 9.351852631432809593e-02 1.492350822093455875e-01 -8.627609795770291301e-02
2.827380952381003745e-02 1.048655854284357009e-01 -3.256986400138547205e-02 -6.857245690285829198e-02 -1.500953874631342222e-01 6.987768119240182763e-02
3.050595238095147894e-03 -1.720399774359016726e-02 5.117091847080285083e-03 2.045608044591838010e-02 -2.029015734036815344e-02 -1.773860357588072367e-02
-0.000000000000000000e+00 0.000000000000000000e+00 0.000000000000000000e+00 0.000000000000000000e+00 0.000000000000000000e+00 0.000000000000000000e+00
4.925595238095106104e-02 -2.959789863734003101e-01 1.530334308460450654e-01 6.204805931552100778e-02 -2.111867210589726818e-01 -4.590478001262428553e-01
2.142857142857187286e-02 8.369769659817627439e-02 -2.492713300234634249e-02 -6.831608357515329966e-02 -1.961752366520078117e-01 1.177727346147235260e-01
