-0.000000000000000000e+00 0.000000000000000000e+00 0.000000000000000000e+00 0.000000000000000000e+00 0.000000000000000000e+00 0.000000000000000000e+00
6.101190476190612375e-03 3.427295583438313975e-02 2.303412957542826447e-02 -1.102879210286456836e-02 -1.130673873235822982e-02 3.052735353018250566e-02
2.038690476190449519e-02 -3.208174467483944359e-02 -7.850934191454730926e-02 -7.165890833959369724e-03 -5.324231488617574282e-02 1.450053245547716640e-01
-0.000000000000000000e+00 0.000000000000000000e+00 0.000000000000000000e+00 0.000000000000000000e+00 0.000000000000000000e+00 0.000000000000000000e+00
9.821428571428494902e-03 7.845725864645693810e-04 -3.072772251271186500e-02 6.838390624173341925e-02 7.175258514606704108e-02 -1.015113707187019904e-01
1.875000000000000278e-02 -1.477978857591381867e-01 1.018303749457663138e-01 -2.548861963688213161e-01 4.990795002445080897e-01 6.633578352483612828e-02
-0.000000000000000000e+00 0.000000000000000000e+00 0.000000000000000000e+00 0.000000000000000000e+00 0.000000000000000000e+00 0.000000000000000000e+00
1.041666666666683609e-02 5.073841625484171863e-02 2.923306036467033034e-02 -1.141396675700283737e-03 4.003491070895409849e-03 -2.875146184424699075e-02
7.440476190476203345e-05 -6.964020278227463223e-04 6.157312388770191892e-04 1.879838299301838408e-04 2.136106149192689970e-04 8.643830095797223586e-05
-0.000000000000000000e+00 0.000000000000000000e+00 0.000000000000000000e+00 0.000000000000000000e+00 0.000000000000000000e+00 0.000000000000000000e+00
-0.000000000000000000e+00 0.000000000000000000e+00 0.000000000000000000e+00 0.000000000000000000e+00 0.000000000000000000e+00 0.000000000000000000e+00
8.281249999999926170e-02 -9.156378485931040978e-02 -3.058601520147311570e-01 1.895199663792394296e-01 5.592361588273974532e-02 1.899331126459927466e-01
-0.000000000000000000e+00 0.000000000000000000e+00 0.000000000000000000e+00 0.000000000000000000e+00 0.000000000000000000e+00 0.000000000000000000e+00
8.988095238095401840e-02 4.804289343183072991e-01 3.071354347792852324e-01 -9.986594358909103852e-02 -7.854357269361687821e-02 9.874778988199391094e-02
3.117559523809536326e-02 -2.840792894761968168e-01 2.447128899194510598e-01 6.300532525226977543e-02 6.561804757539152488e-02 2.274266410195442331e-02
4.069940476190433282e-02 -1.505957984837253683e-01 -6.093712189184092437e-02 -4.797919183695540379e-01 -2.774873291600563618e-01 -2.444334700351207534e-01
-0.000000000000000000e+00 0.000000000000000000e+00 0.000000000000000000e+00 0.000000000000000000e+00 0.000000000000000000e+00 0.000000000000000000e+00
-0.000000000000000000e+00 0.000000000000000000e+00 0.000000000000000000e+00 0.000000000000000000e+00 0.000000000000000000e+00 0.000000000000000000e+00
6.294642857142827841e-02 2.890305804512121116e-02 -1.551193477987435065e-01 2.960768445849854547e-01 2.759614640707746536e-01 -3.392326765169150771e-01
-0.000000000000000000e+00 0.000000000000000000e+00 0.000000000000000000e+00 0.000000000000000000e+00 0.000000000000000000e+00 0.000000000000000000e+00
-0.000000000000000000e+00 0.000000000000000000e+00 0.000000000000000000e+00 0.000000000000000000e+00 0.000000000000000000e+00 0.000000000000000000e+00
5.081845238095331063e-02 2.785108437158458905e-01 1.825561984731341736e-01 -7.182658347101726626e-02 -6.452448243002337214e-02 1.249967891486359617e-01
1.636904761904742645e-03 -8.887277734003801600e-04 -5.991895927520200088e-03 9.517295098305527182e-03 8.590020330755419875e-03 -8.276689984067248096e-03
8.110119047619036153e-03 -5.707359430674344841e-02 3.552905300626399421e-02 -9.043602435561163069e-03 -2.369457947339944151e-02 -9.725504666632451764e-03
-0.000000000000000000e+00 0.000000000000000000e+00 0.000000000000000000e+00 0.000000000000000000e+00 0.000000000000000000e+00 0.000000000000000000e+00
-0.000000000000000000e+00 0.000000000000000000e+00 0.000000000000000000e+00 0.000000000000000000e+00 0.000000000000000000e+00 0.000000000000000000e+00
-0.000000000000000000e+00 0.000000000000000000e+00 0.000000000000000000e+00 0.000000000000000000e+00 0.000000000000000000e+00 0.000000000000000000e+00
-0.000000000000000000e+00 0.000000000000000000e+00 0.000000000000000000e+00 0.000000000000000000e+00 0.000000000000000000e+00 0.000000000000000000e+00
1.069196428571417279e-01 -1.244863724492496770e-01 -3.986596502712871914e-01 1.797027858266928013e-01 -1.104056745621828477e-02 3.711715711192378198e-01
-0.000000000000000000e+00 0.000000000000000000e+00 0.000000000000000000e+00 0.000000000000000000e+00 0.000000000000000000e+00 0.000000000000000000e+00
2.016369047619022414e-02 -7.472961000544137145e-02 -3.554037582507697107e-02 -3.112038256904424705e-01 -2.082734054223149001e-01 -2.242125268297341656e-01
3.794642857142871417e-02 -3.784512829885841034e-01 3.601981566268243062e-01 4.131097012802614210e-01 -4.176222305913687149e-01 -3.188660122113261969e-02
-0.000000000000000000e+00 0.000000000000000000e+00 0.000000000000000000e+00 0.000000000000000000e+00 0.000000000000000000e+00 0.000000000000000000e+00
1.026041666666681756e-01 4.990168840201293365e-01 2.873050086487938803e-01 -1.347711229681570165e-02 3.480956511128146386e-02 -2.614331881421873005e-01
6.622023809523746966e-03 -2.182117657395855892e-02 -1.498612488502902573e-02 -8.713461243370836107e-02 -6.519757872030851331e-02 -5.311278022166465718e-02
8.296130952380863233e-02 -3.039251119314907365e-02 -2.789365533629368787e-01 4.095397674381764941e-01 3.502517301654237136e-01 -3.137499595607085578e-01
1.206101190476175089e-01 -2.242220056056622168e-01 -4.272237394493076379e-01 -2.492316535304794356e-01 -4.116326285902916493e-01 5.479608486737602702e-01
4.992559523809623340e-02 2.745509742236534323e-01 1.808822610548950216e-01 -7.780081345099812418e-02 -7.696268259935054590e-02 2.028053686672954548e-01
1.510416666666673097e-02 4.244146619505938245e-02 3.809563341871965384e-03 4.490433501306750896e-02 5.276312254327737011e-02 -1.136393701077146878e-01
-0.000000000000000000e+00 0.000000000000000000e+00 0.000000000000000000e+00 0.000000000000000000e+00 0.000000000000000000e+00 0.000000000000000000e+00
-0.000000000000000000e+00 0.000000000000000000e+00 0.000000000000000000e+00 0.000000000000000000e+00 0.000000000000000000e+00 0.000000000000000000e+00
9.523809523809543751e-03 -8.258035969756336026e-02 6.563519624482355708e-02 -7.648064263135048724e-02 2.022686268388079467e-01 3.592504079580510767e-02
1.398809523809515197e-02 1.181244068088590712e-02 -2.998503236635364361e-02 7.613107293569916501e-02 7.829273116063856230e-02 -1.062724850966022955e-01
