-0.000000000000000000e+00 0.000000000000000000e+00 0.000000000000000000e+00 0.000000000000000000e+00 0.000000000000000000e+00 0.000000000000000000e+00
5.545112781954562343e-03 2.689708858587893173e-02 3.242829725357856963e-02 -9.093302881966476570e-03 2.622157664219912365e-02 4.470412564074229683e-02
1.640037593984967207e-02 7.148510893835764365e-03 -7.873553861303386747e-02 9.945546008960800405e-03 6.078116160927652528e-02 1.132524484315659413e-01
-0.000000000000000000e+00 0.000000000000000000e+00 0.000000000000000000e+00 0.000000000000000000e+00 0.000000000000000000e+00 0.000000000000000000e+00
8.176691729323065302e-03 1.946688946204776921e-02 -1.781524172299178699e-02 2.086264416246201570e-02 -6.964718874870280685e-02 -6.313714629502903408e-02
4.849624060150824895e-02 -3.640147334847989025e-01 8.233745459334572414e-02 -5.779755428495135794e-01 -3.412554730864856833e-01 1.319594525977863808e-01
-0.000000000000000000e+00 0.000000000000000000e+00 0.000000000000000000e+00 0.000000000000000000e+00 0.000000000000000000e+00 0.000000000000000000e+00
8.223684210525890326e-03 3.475005692551338954e-02 3.014692277433850265e-02 -2.117658823757394889e-03 -9.373419236674189817e-03 -3.930270832671577813e-02
1.409774436090360089e-04 -1.255171797701309542e-03 5.335019928071895682e-04 1.305178490459429083e-03 6.773751611617175148e-05 4.406917488570411825e-05
-0.000000000000000000e+00 0.000000000000000000e+00 0.000000000000000000e+00 0.000000000000000000e+00 0.000000000000000000e+00 0.000000000000000000e+00
-0.000000000000000000e+00 0.000000000000000000e+00 0.000000000000000000e+00 0.000000000000000000e+00 0.000000000000000000e+00 0.000000000000000000e+00
6.315789473684160771e-02 6.162729040300190392e-02 -2.777841346563627578e-01 1.001802136319351888e-01 -4.570574789418207357e-02 2.188025081450686582e-01
-0.000000000000000000e+00 0.000000000000000000e+00 0.000000000000000000e+00 0.000000000000000000e+00 0.000000000000000000e+00 0.000000000000000000e+00
8.867481203007027135e-02 4.067285126932517203e-01 4.352239561292460257e-01 -9.013181650321311356e-02 1.732293182391623221e-01 1.520431021055721199e-01
4.943609022556866295e-02 -4.178020635798497251e-01 1.569006855102002274e-01 2.276112863378021434e-01 -2.957947554097700368e-02 2.532436925335208519e-02
3.402255639097890444e-02 -1.119550088206949096e-01 -8.075022656362328133e-02 -2.010752114747532404e-01 3.672209805648163905e-01 -2.627283898668338891e-01
3.289473684210730614e-04 -1.991620246126559607e-03 -6.133402917139786592e-06 -4.482179561482754586e-03 8.955951675306079909e-04 -2.444178130166475664e-03
3.571428571428900481e-03 -3.411689909596694187e-02 1.705437437681873655e-02 7.023363112028575828e-02 1.536856308312047406e-02 -4.569969107738494456e-03
6.856203007518606174e-02 1.518485894985210083e-01 -1.518022697678827748e-01 1.395279017832020962e-01 -3.814607162329239909e-01 -3.101125234583242962e-01
1.926691729323296541e-03 1.924634144871242760e-03 -9.301731086554885369e-03 3.484938878100219198e-03 4.884105786645616832e-04 1.613392114148306036e-02
-0.000000000000000000e+00 0.000000000000000000e+00 0.000000000000000000e+00 0.000000000000000000e+00 0.000000000000000000e+00 0.000000000000000000e+00
4.022556390977216623e-02 1.896115034438065339e-01 2.150891073957646449e-01 -5.171446705564067270e-02 1.218047635932599376e-01 1.518330351632839470e-01
1.033834586466144930e-03 1.715163845174586584e-03 -4.014980136833950879e-03 2.810427351471044867e-03 -6.864374173916492662e-03 -2.401734963214922306e-03
1.583646616541484198e-02 -1.109347840536492602e-01 2.526377318633938468e-02 1.115088749895356592e-02 2.932781506626529200e-02 -2.073584324573514784e-02
1.785714285714440699e-03 -1.192305734006847938e-02 1.191845958331081779e-03 -2.823901226149140922e-02 -8.056757495186644621e-03 -1.031770561832682587e-03
-0.000000000000000000e+00 0.000000000000000000e+00 0.000000000000000000e+00 0.000000000000000000e+00 0.000000000000000000e+00 0.000000000000000000e+00
-0.000000000000000000e+00 0.000000000000000000e+00 0.000000000000000000e+00 0.000000000000000000e+00 0.000000000000000000e+00 0.000000000000000000e+00
-0.000000000000000000e+00 0.000000000000000000e+00 0.000000000000000000e+00 0.000000000000000000e+00 0.000000000000000000e+00 0.000000000000000000e+00
1.025845864661646956e-01 1.002263541659264012e-01 -4.461280834520350846e-01 1.454000527787206454e-01 -4.479064462594903838e-03 3.961960062870093502e-01
-0.000000000000000000e+00 0.000000000000000000e+00 0.000000000000000000e+00 0.000000000000000000e+00 0.000000000000000000e+00 0.000000000000000000e+00
1.968984962406099964e-02 -7.961099006068354800e-02 -3.860335304158669933e-02 -1.764200691864850623e-01 2.584866655121511592e-01 -2.618008923387100673e-01
4.614661654135752272e-02 -4.218381224612507974e-01 1.921545777950603717e-01 6.292115876142049258e-01 1.032545177268983372e-01 -2.040097261430673728e-02
-0.000000000000000000e+00 0.000000000000000000e+00 0.000000000000000000e+00 0.000000000000000000e+00 0.000000000000000000e+00 0.000000000000000000e+00
9.238721804510813262e-02 3.833530580177940683e-01 3.172087646616638668e-01 -1.452211868134120100e-02 -1.245616155150648108e-01 -4.276867524817427046e-01
7.941729323308579364e-03 -2.337189857746927585e-02 -2.316012008499342481e-02 -5.954123838582636025e-02 1.157498169947543815e-01 -9.604948844798126550e-02
6.945488721804364551e-02 1.219295955696488576e-01 -2.353485440732547285e-01 1.606901877658221400e-01 -3.721857182268887287e-01 -1.561243457210135521e-01
9.229323308270753756e-02 -4.677129785176287191e-03 -4.139295104299514638e-01 -3.028951335325478361e-02 4.583954158659069855e-01 3.656616945265739327e-01
3.905075187969702516e-02 1.869804842577363624e-01 2.196791036145201159e-01 -5.828877213255796719e-02 1.593594756546573288e-01 2.586114951163823172e-01
1.804511278195424645e-02 5.427051985422741420e-02 -1.910031945867194650e-03 2.653660544028037596e-02 -1.022247511253387281e-01 -1.522991521294432549e-01
8.176691729324028074e-03 -6.335609501647977704e-02 1.494822666482834884e-02 -1.408967439980776670e-01 -1.014513921717198758e-01 5.128224885323423576e-02
-0.000000000000000000e+00 0.000000000000000000e+00 0.000000000000000000e+00 0.000000000000000000e+00 0.000000000000000000e+00 0.000000000000000000e+00
2.241541353383668181e-02 -1.780313264721772037e-01 5.197297515450974986e-02 -1.491389615123037693e-01 -1.313358816509746230e-01 6.422198281760953253e-02
2.626879699248025474e-02 7.640064903071118463e-02 -1.284366808338431067e-02 4.497551979900833719e-02 -1.624702382531618694e-01 -1.692445915657674604e-01
