-0.000000000000000000e+00 0.000000000000000000e+00 0.000000000000000000e+00 0.000000000000000000e+00 0.000000000000000000e+00 0.000000000000000000e+00
3.928571428571400216e-03 -8.095432818648627682e-03 1.521420549494016672e-02 1.443193623697556875e-02 -2.722260760191751866e-02 4.649813542290053697e-02
2.142857142857208016e-03 2.108601424733051385e-02 2.219150578151154324e-02 -2.893106314272417962e-02 2.931904709125688225e-03 1.034405997115841027e-03
-0.000000000000000000e+00 0.000000000000000000e+00 0.000000000000000000e+00 0.000000000000000000e+00 0.000000000000000000e+00 0.000000000000000000e+00
3.571428571428574136e-04 9.089475150789048854e-04 -2.219295071378721545e-03 6.203104503168426279e-04 1.790078041159522473e-03 1.703756807601161357e-03
-0.000000000000000000e+00 0.000000000000000000e+00 0.000000000000000000e+00 0.000000000000000000e+00 0.000000000000000000e+00 0.000000000000000000e+00
-0.000000000000000000e+00 0.000000000000000000e+00 0.000000000000000000e+00 0.000000000000000000e+00 0.000000000000000000e+00 0.000000000000000000e+00
4.160714285714265520e-02 -5.918143194716304900e-02 -1.117429087505406315e-01 -1.211666394357613225e-01 6.509603342619596500e-02 -1.867601248968775440e-01
-0.000000000000000000e+00 0.000000000000000000e+00 0.000000000000000000e+00 0.000000000000000000e+00 0.000000000000000000e+00 0.000000000000000000e+00
-0.000000000000000000e+00 0.000000000000000000e+00 0.000000000000000000e+00 0.000000000000000000e+00 0.000000000000000000e+00 0.000000000000000000e+00
-0.000000000000000000e+00 0.000000000000000000e+00 0.000000000000000000e+00 0.000000000000000000e+00 0.000000000000000000e+00 0.000000000000000000e+00
1.928571428571480492e-02 1.742121747287295186e-01 -5.115130491391201017e-02 1.868054052143785226e-01 7.238373853467974014e-04 -7.264454877341619543e-02
-0.000000000000000000e+00 0.000000000000000000e+00 0.000000000000000000e+00 0.000000000000000000e+00 0.000000000000000000e+00 0.000000000000000000e+00
3.296428571428553500e-01 -6.342501407895450027e-01 6.046518356355298218e-01 4.959937830497534450e-01 -1.798330437314250019e-01 -6.171859076184434828e-02
-0.000000000000000000e+00 0.000000000000000000e+00 0.000000000000000000e+00 0.000000000000000000e+00 0.000000000000000000e+00 0.000000000000000000e+00
-0.000000000000000000e+00 0.000000000000000000e+00 0.000000000000000000e+00 0.000000000000000000e+00 0.000000000000000000e+00 0.000000000000000000e+00
-0.000000000000000000e+00 0.000000000000000000e+00 0.000000000000000000e+00 0.000000000000000000e+00 0.000000000000000000e+00 0.000000000000000000e+00
-0.000000000000000000e+00 0.000000000000000000e+00 0.000000000000000000e+00 0.000000000000000000e+00 0.000000000000000000e+00 0.000000000000000000e+00
2.678571428571479424e-02 1.693031411023538657e-01 -1.468629345043970524e-01 1.032487718718461678e-01 1.428464104377340747e-02 1.532091384107260867e-01
-0.000000000000000000e+00 0.000000000000000000e+00 0.000000000000000000e+00 0.000000000000000000e+00 0.000000000000000000e+00 0.000000000000000000e+00
-0.000000000000000000e+00 0.000000000000000000e+00 0.000000000000000000e+00 0.000000000000000000e+00 0.000000000000000000e+00 0.000000000000000000e+00
1.198214285714278710e-01 -2.323594792560724487e-01 2.345490586527606280e-01 1.929243950657007489e-01 -1.294811205346756422e-01 3.276620293372228907e-03
-0.000000000000000000e+00 0.000000000000000000e+00 0.000000000000000000e+00 0.000000000000000000e+00 0.000000000000000000e+00 0.000000000000000000e+00
-0.000000000000000000e+00 0.000000000000000000e+00 0.000000000000000000e+00 0.000000000000000000e+00 0.000000000000000000e+00 0.000000000000000000e+00
-0.000000000000000000e+00 0.000000000000000000e+00 0.000000000000000000e+00 0.000000000000000000e+00 0.000000000000000000e+00 0.000000000000000000e+00
-0.000000000000000000e+00 0.000000000000000000e+00 0.000000000000000000e+00 0.000000000000000000e+00 0.000000000000000000e+00 0.000000000000000000e+00
-0.000000000000000000e+00 0.000000000000000000e+00 0.000000000000000000e+00 0.000000000000000000e+00 0.000000000000000000e+00 0.000000000000000000e+00
-0.000000000000000000e+00 0.000000000000000000e+00 0.000000000000000000e+00 0.000000000000000000e+00 0.000000000000000000e+00 0.000000000000000000e+00
4.892857142857264668e-02 4.319768867222686382e-01 1.048490555133404639e-01 -8.695033074577447618e-02 -2.356783973344152988e-02 9.571253641121756431e-03
-0.000000000000000000e+00 0.000000000000000000e+00 0.000000000000000000e+00 0.000000000000000000e+00 0.000000000000000000e+00 0.000000000000000000e+00
-0.000000000000000000e+00 0.000000000000000000e+00 0.000000000000000000e+00 0.000000000000000000e+00 0.000000000000000000e+00 0.000000000000000000e+00
-0.000000000000000000e+00 0.000000000000000000e+00 0.000000000000000000e+00 0.000000000000000000e+00 0.000000000000000000e+00 0.000000000000000000e+00
-0.000000000000000000e+00 0.000000000000000000e+00 0.000000000000000000e+00 0.000000000000000000e+00 0.000000000000000000e+00 0.000000000000000000e+00
2.485714285714275829e-01 -3.705461400729479493e-01 -4.609413669605464947e-01 -4.915443755848349361e-01 7.181818132705716229e-01 -7.439835729503312400e-01
-0.000000000000000000e+00 0.000000000000000000e+00 0.000000000000000000e+00 0.000000000000000000e+00 0.000000000000000000e+00 0.000000000000000000e+00
3.107142857142936379e-02 2.777305227648685926e-01 -1.129857507711026082e-01 3.507970504186291860e-01 3.765044599880838956e-03 -1.183452817839019122e-01
2.714285714285789852e-02 2.672400071080522355e-01 2.737369246423720370e-01 -3.478212085208274851e-01 3.843297784056992628e-02 2.179614785818151726e-03
4.017857142857123032e-02 -8.089883414847644227e-02 1.320498761566928081e-01 1.241796559147877593e-01 -2.542547915794001190e-01 5.040245096349824649e-01
5.357142857142870723e-02 4.125270076334693059e-02 -4.600935569169946060e-01 -3.830948342448850519e-01 -5.256534577577508527e-01 2.628295126385174485e-01
-0.000000000000000000e+00 0.000000000000000000e+00 0.000000000000000000e+00 0.000000000000000000e+00 0.000000000000000000e+00 0.000000000000000000e+00
-0.000000000000000000e+00 0.000000000000000000e+00 0.000000000000000000e+00 0.000000000000000000e+00 0.000000000000000000e+00 0.000000000000000000e+00
-0.000000000000000000e+00 0.000000000000000000e+00 0.000000000000000000e+00 0.000000000000000000e+00 0.000000000000000000e+00 0.000000000000000000e+00
6.964285714285719728e-03 1.621064080748851367e-03 -4.124534398827492399e-02 -9.492856547580868706e-03 2.948065306219877502e-01 1.991251715342140516e-01
