0.000000000000000000e+00 0.000000000000000000e+00 0.000000000000000000e+00 0.000000000000000000e+00 0.000000000000000000e+00 0.000000000000000000e+00
1.139705882353060163e-03 4.733489071014364974e-03 5.671851501951721830e-03 1.707229866062057568e-03 -4.679338202187267697e-03 2.686658061445432264e-04
6.911764705882130454e-03 7.322228444274366498e-03 -4.020926545505028316e-02 -9.451071651806993920e-03 -5.051681082350496094e-02 1.246625153561179084e-03
0.000000000000000000e+00 0.000000000000000000e+00 0.000000000000000000e+00 0.000000000000000000e+00 0.000000000000000000e+00 0.000000000000000000e+00
1.691176470588261465e-03 4.420175723135347755e-03 -4.080952896632068609e-03 -4.573947942632442670e-03 1.886121296631342037e-02 -7.995723765582029349e-04
5.463235294117380070e-02 -1.837550251852040351e-01 -6.831184105083717983e-02 6.019168132829195716e-01 1.037754209517301879e-01 -1.424624534551382528e-02
1.470588235294032137e-04 -7.724783335235107292e-04 4.436285423944335139e-04 -1.062624029798765529e-03 -2.102868120241920132e-04 -2.628214963472312593e-03
1.404411764706008960e-02 5.536342197358833789e-02 5.447388820908842522e-02 1.091102678844815994e-02 2.627921192189875202e-04 -8.702983017659841978e-04
1.102941176470516012e-03 -5.579891270572832386e-03 2.790704323824679499e-03 -5.138548345395062104e-03 -4.054816811890939719e-04 -1.580896758545544990e-03
0.000000000000000000e+00 0.000000000000000000e+00 0.000000000000000000e+00 0.000000000000000000e+00 0.000000000000000000e+00 0.000000000000000000e+00
0.000000000000000000e+00 0.000000000000000000e+00 0.000000000000000000e+00 0.000000000000000000e+00 0.000000000000000000e+00 0.000000000000000000e+00
4.158088235294041951e-02 7.122308952651248970e-02 -2.119353554973061882e-01 -1.225275560621120058e-01 1.495222554596616349e-01 3.782976333715623238e-03
0.000000000000000000e+00 0.000000000000000000e+00 0.000000000000000000e+00 0.000000000000000000e+00 0.000000000000000000e+00 0.000000000000000000e+00
1.024632352941279023e-01 4.187245042687861019e-01 4.738386366036191344e-01 1.291536792179069359e-01 -2.731842652105360703e-01 1.326420290730533080e-02
8.562499999999502454e-02 -3.984920294693595211e-01 1.376592399821597312e-01 -4.943435800256081036e-02 5.497266825586578920e-02 7.703626067393249954e-01
2.904411764705768298e-02 7.412272895090045617e-03 -1.565322748323634550e-01 2.756133655589581427e-02 -2.670022993484092444e-01 -1.830724515129541824e-03
5.882352941176205528e-04 -1.621402444890433173e-03 -1.370277126934599807e-03 7.564226987037918695e-03 1.744572406512449306e-04 -3.898396843769036564e-03
4.514705882352658406e-02 -2.344773065476476737e-01 1.294083717528162758e-01 -2.896505769294042132e-01 -4.837261581779985636e-02 -5.445349817750526622e-01
3.529411764705965571e-02 9.424540190071946377e-02 -6.896354571369095465e-02 -8.020083259215216032e-02 3.020307436504940379e-01 -1.318218329949051928e-02
1.470588235294146521e-04 3.860473939637307098e-04 -3.131044826175964158e-04 -3.411740127483884146e-04 1.249962823142558533e-03 -5.993146669118573649e-05
0.000000000000000000e+00 0.000000000000000000e+00 0.000000000000000000e+00 0.000000000000000000e+00 0.000000000000000000e+00 0.000000000000000000e+00
3.738970588235680098e-02 1.533508485327153281e-01 1.757813805155496178e-01 4.900403027190581434e-02 -1.100195122019147209e-01 5.542199739691110703e-03
7.352941176470525250e-04 1.521429867568141817e-03 -3.378990482224863458e-03 -2.595405736660877979e-03 7.392581429572307912e-03 -1.934320417696255465e-04
1.025735294117592102e-02 -3.993779316682576769e-02 3.148250878688390719e-03 2.560649051910595178e-02 5.983313126926468120e-03 8.317692848058194643e-02
2.466911764705777624e-02 -7.910141647038063106e-02 -4.544767867240308290e-02 3.799851057237029761e-01 8.317144733721501537e-02 -2.492186487948766793e-01
0.000000000000000000e+00 0.000000000000000000e+00 0.000000000000000000e+00 0.000000000000000000e+00 0.000000000000000000e+00 0.000000000000000000e+00
7.352941176470285370e-05 -2.384600342162542235e-04 -1.425655730401492825e-04 1.275609249518240085e-03 3.308510932393059862e-04 -1.100681043400903152e-03
0.000000000000000000e+00 0.000000000000000000e+00 0.000000000000000000e+00 0.000000000000000000e+00 0.000000000000000000e+00 0.000000000000000000e+00
5.753676470588157260e-02 1.020130329115051804e-01 -2.813764741433360528e-01 -1.570298492088333941e-01 1.333591109942646458e-01 1.072060707962897187e-03
2.757352941176298162e-03 -1.430663445322304626e-02 7.867232803407378863e-03 -1.748767188481838153e-02 -2.857346047987623615e-03 -3.161748296824299503e-02
1.305147058823473601e-02 -3.234214083068046031e-02 -3.249448799406390309e-02 1.357762547151348809e-01 -1.228966267347733100e-02 -4.832952457644060923e-02
1.170220588235221792e-01 -5.885252218143681713e-01 2.884147968483312674e-01 -5.133330272802795191e-01 -3.610767437475563557e-02 -1.031857386658330406e-01
0.000000000000000000e+00 0.000000000000000000e+00 0.000000000000000000e+00 0.000000000000000000e+00 0.000000000000000000e+00 0.000000000000000000e+00
9.330882352941997915e-02 3.622361161535416207e-01 3.350843829067746693e-01 5.736875301319237924e-02 5.157109954915357897e-02 -7.590942672075308428e-03
7.316176470587959849e-03 4.035402866705101350e-03 -4.178414858735124415e-02 1.621161526796228471e-03 -7.241292665946413853e-02 -1.232090725194333542e-03
4.878676470588213382e-02 1.035029053776155422e-01 -2.053762528946392052e-01 -1.565090144959783158e-01 4.233414717263100924e-01 -1.149539175102739889e-02
9.422794117646748902e-02 9.768949896890143092e-02 -5.457631433311433966e-01 -1.302125855035969060e-01 -6.780339013871538034e-01 2.615043964760193837e-02
1.496323529411922558e-02 6.195645391716315953e-02 7.347132013483921587e-02 2.175314287793373574e-02 -5.762658890499065129e-02 3.258892748627173919e-03
2.606617647058960194e-02 8.519813313498635077e-02 1.840751702804888784e-02 -2.516909509922658078e-02 1.574963842661935565e-01 -9.691098493247554332e-03
1.507352941176403303e-03 -4.955282228455508073e-03 -2.626786073783225935e-03 2.365400570573939626e-02 5.765385100171559890e-03 -1.525046869817623524e-02
0.000000000000000000e+00 0.000000000000000000e+00 0.000000000000000000e+00 0.000000000000000000e+00 0.000000000000000000e+00 0.000000000000000000e+00
2.051470588235189060e-02 -8.311097127063397927e-02 5.118988941435171670e-03 1.055114748780161815e-01 2.968454691454159786e-02 1.585915382382210026e-01
1.025735294117692716e-02 3.188160059187103434e-02 -1.473046165672504135e-03 -1.565300240131901194e-02 8.477300514071775539e-02 -4.180190426464959995e-03
