-0.000000000000000000e+00 0.000000000000000000e+00 0.000000000000000000e+00 0.000000000000000000e+00 0.000000000000000000e+00 0.000000000000000000e+00
1.718749999999910237e-03 -5.650291653064921579e-03 6.128961455763356353e-03 -1.154734914621007111e-03 -3.907026939035933288e-03 -5.442264910396456615e-04
5.078125000000114665e-03 -2.661170059226509142e-03 -3.091504472910863027e-02 2.755452760609851393e-03 -3.642411415735134078e-02 -4.997082877035625460e-03
-0.000000000000000000e+00 0.000000000000000000e+00 0.000000000000000000e+00 0.000000000000000000e+00 0.000000000000000000e+00 0.000000000000000000e+00
1.874999999999980632e-03 -3.751964170385241066e-03 -6.303423887950769175e-03 4.074424322431859091e-03 2.632149999872714433e-02 4.033471553043540062e-03
5.539062500000277445e-02 3.265389146186753466e-01 2.198641580267668080e-02 -5.587894710666958531e-01 8.635801539708609642e-02 8.527697319042645829e-02
-0.000000000000000000e+00 0.000000000000000000e+00 0.000000000000000000e+00 0.000000000000000000e+00 0.000000000000000000e+00 0.000000000000000000e+00
2.046874999999903980e-02 -6.382899520653319281e-02 5.388405161657731923e-02 -5.534015518158127284e-03 5.446063941969953547e-03 1.642900357541458986e-03
1.562500000000071319e-04 1.057272155756773307e-03 3.111133391256755811e-04 7.257867600587115725e-04 8.014727222977205358e-05 -6.987362822427781259e-04
-0.000000000000000000e+00 0.000000000000000000e+00 0.000000000000000000e+00 0.000000000000000000e+00 0.000000000000000000e+00 0.000000000000000000e+00
-0.000000000000000000e+00 0.000000000000000000e+00 0.000000000000000000e+00 0.000000000000000000e+00 0.000000000000000000e+00 0.000000000000000000e+00
4.062500000000038303e-02 -5.088217308415225043e-02 -2.360752342124771141e-01 8.713799651311189554e-02 1.899392821386780839e-01 1.452286591636665382e-02
-0.000000000000000000e+00 0.000000000000000000e+00 0.000000000000000000e+00 0.000000000000000000e+00 0.000000000000000000e+00 0.000000000000000000e+00
1.678124999999914269e-01 -5.452398739303119246e-01 5.617057433319228021e-01 -9.594083615256604469e-02 -2.586749974967619825e-01 -3.272421107924393391e-02
6.281250000000458689e-02 4.256044736789327820e-01 1.238604491391106788e-01 2.209167983322274653e-01 9.405562751153562218e-02 -7.578295044481075937e-01
2.429687500000076578e-02 1.395195774401817440e-02 -1.377227267983993642e-01 -4.268104147470749843e-02 -3.338041178902734774e-01 -2.617779151760373998e-02
9.375000000000288051e-04 4.791583104134584069e-03 -6.889437456961275885e-04 -1.163977479161574027e-02 -2.350276725551296662e-03 6.740662549575672860e-03
2.289062500000201700e-02 1.664879499925995820e-01 6.920969141089627907e-02 3.861913712217848738e-01 -7.557519708693050120e-02 4.529307309035107143e-01
2.976562499999979572e-02 -5.664178633015864994e-02 -9.863101577412480836e-02 5.164093829872798413e-02 2.027545159988391188e-01 2.385448533863551365e-02
-0.000000000000000000e+00 0.000000000000000000e+00 0.000000000000000000e+00 0.000000000000000000e+00 0.000000000000000000e+00 0.000000000000000000e+00
-0.000000000000000000e+00 0.000000000000000000e+00 0.000000000000000000e+00 0.000000000000000000e+00 0.000000000000000000e+00 0.000000000000000000e+00
6.085937499999695410e-02 -1.977128542032977609e-01 2.035276655195187023e-01 -3.468137733435937287e-02 -9.259472178446187529e-02 -1.164582586229328219e-02
-0.000000000000000000e+00 0.000000000000000000e+00 0.000000000000000000e+00 0.000000000000000000e+00 0.000000000000000000e+00 0.000000000000000000e+00
1.132812500000075946e-02 7.329870835285179353e-02 1.616278886513321592e-02 -1.191009737802173861e-02 1.703154355466272862e-02 -1.071699119189301330e-01
3.070312500000148964e-02 1.793355608525264988e-01 4.937991123343485680e-03 -4.547487043141820728e-01 6.597861357743456390e-02 3.549987418927588179e-01
-0.000000000000000000e+00 0.000000000000000000e+00 0.000000000000000000e+00 0.000000000000000000e+00 0.000000000000000000e+00 0.000000000000000000e+00
-0.000000000000000000e+00 0.000000000000000000e+00 0.000000000000000000e+00 0.000000000000000000e+00 0.000000000000000000e+00 0.000000000000000000e+00
-0.000000000000000000e+00 0.000000000000000000e+00 0.000000000000000000e+00 0.000000000000000000e+00 0.000000000000000000e+00 0.000000000000000000e+00
5.742187500000058703e-02 -7.320688381375720089e-02 -3.113882157624491831e-01 1.044908776430084341e-01 1.042596312051961155e-01 -4.135506787916212040e-03
5.468750000000489496e-04 4.014608669192191483e-03 1.737862216162649803e-03 1.045897793383066682e-02 -2.417297537762580668e-03 1.547841371416731025e-02
1.523437500000059987e-02 7.461090884093093956e-02 -1.399145358416801002e-02 -1.694897709510847783e-01 -3.898237364767475482e-02 8.720016021581321330e-02
3.984375000000322381e-02 2.821559768520184863e-01 1.037352414750777607e-01 4.444563665382441076e-01 -3.470969235192062491e-02 9.492991131851116759e-02
-0.000000000000000000e+00 0.000000000000000000e+00 0.000000000000000000e+00 0.000000000000000000e+00 0.000000000000000000e+00 0.000000000000000000e+00
1.321874999999939904e-01 -4.110507833539498446e-01 3.420456021124986257e-01 -3.350420286830986527e-02 4.648041730227540913e-02 1.235417167797048937e-02
2.890625000000086701e-03 4.593774916532538354e-03 -1.314592437492281829e-02 -1.202311526782229474e-02 -3.173775759955545922e-02 2.266300107857272764e-03
4.500000000000022732e-02 -7.006754709316799501e-02 -2.302936026756171595e-01 1.093973011034510834e-01 4.609810817532833949e-01 5.799380204100622327e-02
7.914062500000187961e-02 -4.502807598593940724e-02 -4.969267686371430792e-01 5.867584337756848872e-02 -6.589516368288609316e-01 -1.099084963424588474e-01
2.374999999999876862e-02 -7.787731989101330521e-02 8.358266491710490687e-02 -1.547651211228007716e-02 -5.102548882951429138e-02 -7.071045108077114727e-03
3.101562499999922437e-02 -7.660937673787436564e-02 -1.893222183107766410e-02 2.701430374920077773e-02 1.362731425046291300e-01 1.722204518198201112e-02
9.375000000000415987e-04 5.556887501471524833e-03 2.941826640098923551e-04 -1.281248701262651529e-02 2.265328310220898929e-03 7.664871834544516142e-03
-0.000000000000000000e+00 0.000000000000000000e+00 0.000000000000000000e+00 0.000000000000000000e+00 0.000000000000000000e+00 0.000000000000000000e+00
2.304687500000142386e-02 1.458066023372695530e-01 2.731807385943660002e-02 -6.821236739886700484e-02 3.773716120665622509e-02 -1.990127904908071677e-01
1.226562499999976803e-02 -2.759608410431978534e-02 -2.541392283513786363e-02 2.066207000162630786e-02 1.451926272022470432e-01 2.280462141204255347e-02
