260
368
391
518
521
567
630
652
771
860
920
1018
1100
1200
1279
1430
1548
1565
1766
1848
1857
1929
1982
2047
2144
2180
2321
2405
2460
2466
2510
2626
2684
2691
2751
2767
2777
2799
2882
3010
3128
3183
3332
3412
3422
3439
3565
3623
3629
3677
3708
3736
3762
3826
3828
3890
3929
3948
3950
3999
4018
4020
4028
4067
4096
4170
4228
4271
4285
4366
4367
4368
4438
4458
4465
4505
4585
4642
4668
4792
4820
4841
4875
4899
5020
5041
5072
5225
5261
5307
5329
5349
5565
5617
5846
5849
5882
5962
6054
6063
6123
6133
6240
6372
6373
6491
6541
6544
6652
6733
6862
6968
6998
7007
7049
7054
7219
7302
7342
7478
7518
7540
7621
7628
7676
7729
7766
7790
7814
7840
7854
7941
7962
8018
8028
8041
8054
8069
8141
8142
8163
8207
8277
8642
8673
8715
8717
8790
8806
8868
8901
8950
8958
8991
9022
9025
9057
9097
9229
9322
9406
9481
9490
9666
9728
9798
9822
9852
9881
9937
9960
