0.000000000000000000e+00 0.000000000000000000e+00 0.000000000000000000e+00 0.000000000000000000e+00 0.000000000000000000e+00 0.000000000000000000e+00
1.099537037037215132e-03 -5.881293467713840858e-03 5.318989086404053712e-03 -1.197394436788949039e-03 3.171511327652957405e-03 -5.010464660372373384e-04
1.857638888888929474e-02 5.058669098951907661e-04 -1.111166075219592181e-01 -1.811223026394010718e-03 3.287570494999780824e-01 -8.567087431290427990e-02
0.000000000000000000e+00 0.000000000000000000e+00 0.000000000000000000e+00 0.000000000000000000e+00 0.000000000000000000e+00 0.000000000000000000e+00
2.314814814815005181e-04 -3.969636690463659574e-04 -1.298546101519287800e-03 7.485871693578827462e-04 -2.388107139545018326e-03 3.922454767248384207e-04
6.660879629628718712e-02 2.630310708274803955e-01 4.510556243495202761e-02 -4.337615643860118220e-01 -4.265973767202905359e-02 2.790636211295842162e-01
0.000000000000000000e+00 0.000000000000000000e+00 0.000000000000000000e+00 0.000000000000000000e+00 0.000000000000000000e+00 0.000000000000000000e+00
1.255787037037229756e-02 -6.213474919443828792e-02 4.479137847830674812e-02 -5.661161444451935816e-03 -8.898214382995511817e-03 2.230465748997423163e-03
0.000000000000000000e+00 0.000000000000000000e+00 0.000000000000000000e+00 0.000000000000000000e+00 0.000000000000000000e+00 0.000000000000000000e+00
0.000000000000000000e+00 0.000000000000000000e+00 0.000000000000000000e+00 0.000000000000000000e+00 0.000000000000000000e+00 0.000000000000000000e+00
1.296296296296113940e-02 5.163399638579315581e-02 2.808974206024177425e-03 -1.919009094998065101e-01 -1.301301120606116191e-01 -1.694727268756639205e-01
4.230324074074289648e-02 -3.620855914731273967e-02 -2.539324510693535264e-01 8.558393870617708732e-02 5.633067813478893210e-02 -7.196534391917391860e-03
0.000000000000000000e+00 0.000000000000000000e+00 0.000000000000000000e+00 0.000000000000000000e+00 0.000000000000000000e+00 0.000000000000000000e+00
1.039930555555719782e-01 -5.428138000784105133e-01 4.601542687879553450e-01 -9.136149107370843125e-02 1.713827737294861264e-01 -2.457065729176875421e-02
8.194444444443055309e-02 3.929915473368451595e-01 2.411064741130053979e-01 2.048699307422020832e-01 2.264165685068727368e-02 6.577426393124833348e-01
2.800925925925841498e-02 3.411043998446584846e-02 -1.107224128228280480e-01 -6.293553939713160406e-02 2.927893470358919337e-01 -1.101662373644937860e-02
8.449074074073026352e-03 2.894091827473540754e-02 -6.294126593833454346e-03 -1.015561928803277308e-01 -1.326091506991678402e-02 -7.735598447122592203e-02
2.204861111110706720e-02 1.185857580548386331e-01 1.025218223345289448e-01 2.364185355866042226e-01 -1.929180090641321316e-02 -4.597832908684533204e-01
5.028935185185619966e-02 -1.029618880222154670e-01 -2.302366026194038462e-01 1.388181886386170016e-01 -4.633422092411222382e-01 6.786432084906458828e-02
6.886574074074602696e-03 -1.073388612092840422e-02 -4.065604468601528854e-02 2.203331567480321454e-02 -8.318715251916070086e-02 3.584224152036039578e-03
0.000000000000000000e+00 0.000000000000000000e+00 0.000000000000000000e+00 0.000000000000000000e+00 0.000000000000000000e+00 0.000000000000000000e+00
5.271990740741586134e-02 -2.762115314629313145e-01 2.366157609590656408e-01 -4.806055860325456064e-02 9.752854918598137524e-02 -1.434748918003503869e-02
0.000000000000000000e+00 0.000000000000000000e+00 0.000000000000000000e+00 0.000000000000000000e+00 0.000000000000000000e+00 0.000000000000000000e+00
1.134259259259099220e-02 4.542496802519366966e-02 1.400661222460506013e-02 -7.813960532448935639e-03 2.413053956297034688e-02 9.432490620240331636e-02
3.726851851851336467e-02 1.466233346776601165e-01 1.006634271991610659e-02 -4.561226898255383855e-01 -2.324829654769014209e-01 -2.514424558798332154e-01
0.000000000000000000e+00 0.000000000000000000e+00 0.000000000000000000e+00 0.000000000000000000e+00 0.000000000000000000e+00 0.000000000000000000e+00
1.388888888888682943e-03 5.594105689658741831e-03 3.775940548670874124e-04 -2.154845220690679297e-02 -1.630474646581411141e-02 -2.115142714299293736e-02
0.000000000000000000e+00 0.000000000000000000e+00 0.000000000000000000e+00 0.000000000000000000e+00 0.000000000000000000e+00 0.000000000000000000e+00
5.694444444444776016e-02 -6.071478811653076291e-02 -3.421032462388660655e-01 1.330332577027656116e-01 -4.687093962785319340e-02 5.097759890170436813e-04
1.793981481481140595e-03 9.732832524284385292e-03 8.610941478870265051e-03 2.077686557972631409e-02 -1.925623383393869174e-03 -4.762160714771039582e-02
2.135416666666485608e-02 5.406333240857444378e-02 -4.424170470574127767e-02 -1.443295802207645584e-01 1.570398788935349343e-01 -5.203094655326379742e-02
8.206018518517026183e-02 4.237581671561920782e-01 3.272763859012047249e-01 5.904190604887417093e-01 -1.641022098862837675e-02 -2.049966947745635870e-01
0.000000000000000000e+00 0.000000000000000000e+00 0.000000000000000000e+00 0.000000000000000000e+00 0.000000000000000000e+00 0.000000000000000000e+00
6.880787037038056664e-02 -3.299155332168834942e-01 2.151965452867347639e-01 -1.872244680652031604e-02 -8.112661215132917214e-02 1.590020532644803933e-02
6.655092592592440001e-03 7.253832673088230973e-03 -2.924830552045832102e-02 -1.914679254562524219e-02 9.310465220681507503e-02 -1.768599337699331558e-02
4.728009259259621094e-02 -8.004312347180761456e-02 -2.531784141495212470e-01 1.369750131544060223e-01 -3.714021894385555189e-01 5.843524688937036526e-02
6.562500000000204281e-02 -1.998449640158946744e-02 -3.863445111056272863e-01 6.057596183406018658e-02 4.908784281758711288e-01 -7.907810983543887839e-02
2.760416666667106500e-02 -1.460672567956477763e-01 1.284215477496200020e-01 -2.740099375018119690e-02 6.317546250755909365e-02 -9.618147647094180824e-03
1.574074074074200899e-02 -2.743153821473689677e-02 -8.650570645461858055e-02 4.945422966796651082e-02 -1.884382748871034075e-01 1.447402288304880380e-02
2.835648148147744581e-03 1.129143384859698784e-02 1.713487501426632937e-03 -2.372880991205393586e-02 -5.515841218241572877e-03 8.923616680732462253e-03
0.000000000000000000e+00 0.000000000000000000e+00 0.000000000000000000e+00 0.000000000000000000e+00 0.000000000000000000e+00 0.000000000000000000e+00
3.275462962962435304e-02 1.466222048469995876e-01 6.737005358446554459e-02 -4.146547737854918564e-02 5.646376972453856849e-03 3.163468967535668086e-01
1.186342592592728139e-02 -3.866440224395996383e-02 -1.558406131220519200e-02 1.881835298105623624e-02 -8.294124145405963600e-02 1.374842255887711619e-02
