-0.000000000000000000e+00 0.000000000000000000e+00 0.000000000000000000e+00 0.000000000000000000e+00 0.000000000000000000e+00 0.000000000000000000e+00
1.400862068965446966e-03 -7.230888903340376012e-03 -7.619783670370312845e-03 1.589888388798809575e-03 -7.090759377760175002e-03 5.044080549964286616e-04
1.616379310344831510e-02 -1.529823355063272133e-02 1.042300176556142516e-01 -1.442514712022811493e-02 -1.850821698269930482e-01 1.648919733330608470e-02
-0.000000000000000000e+00 0.000000000000000000e+00 0.000000000000000000e+00 0.000000000000000000e+00 0.000000000000000000e+00 0.000000000000000000e+00
7.543103448275689576e-04 -2.346153894448581734e-03 2.141012718511815880e-03 -1.443688005294054303e-03 8.738378600792665388e-03 -4.675985740542954231e-04
7.801724137931287384e-02 3.108041956906394399e-01 -1.661939280677397768e-02 4.825231149075508430e-01 5.208062102410123545e-02 -2.649942151999491458e-01
3.232758620689768969e-04 1.729705982592995035e-03 -1.233155188363801872e-03 -3.466387865167361824e-03 -1.802664311217759996e-04 8.104067192787571886e-03
9.446839080459403307e-03 -4.552879722327676099e-02 -3.710702571390254306e-02 4.644282160257008629e-03 1.366299473511015106e-02 -1.674805830284033931e-03
1.436781609195444292e-04 6.623989568001587653e-04 -2.605001536275518585e-04 -1.311551073793233019e-04 1.202516425722748162e-05 -8.504915380048951772e-04
-0.000000000000000000e+00 0.000000000000000000e+00 0.000000000000000000e+00 0.000000000000000000e+00 0.000000000000000000e+00 0.000000000000000000e+00
1.321839080459817975e-02 5.247740199002062789e-02 3.367350419033850011e-03 1.615734844488141142e-01 6.358392848332664049e-02 2.055973999964116061e-01
4.181034482758598514e-02 -6.752545633223576427e-02 2.624313820762159688e-01 -8.293284968496318632e-02 -6.568759561377697509e-02 1.204272308411564497e-02
-0.000000000000000000e+00 0.000000000000000000e+00 0.000000000000000000e+00 0.000000000000000000e+00 0.000000000000000000e+00 0.000000000000000000e+00
9.299568965516850916e-02 -4.679596163668808817e-01 -4.523616906439727470e-01 8.263997510033757599e-02 -2.364286881920226180e-01 1.411408343391630689e-02
8.175287356322094579e-02 3.948413174143620696e-01 -1.902162492607470945e-01 -2.271068933466014739e-01 1.484158859314433157e-02 -6.475714685319906572e-01
1.875000000000020747e-02 1.419110883433650876e-02 8.261184305223698288e-02 3.162770621266736137e-02 -1.623600398709716675e-01 -1.773020191120652442e-02
5.854885057471451854e-03 1.986935886079272198e-02 6.311713823829190675e-03 5.875770017506611737e-02 9.848457292494039537e-04 5.628526920048470411e-02
2.331178160919608264e-02 1.232308746774443131e-01 -8.437210203599491976e-02 -2.232415667391472180e-01 -9.632687977293507425e-03 4.049139666510364610e-01
4.299568965517154562e-02 -1.210677564767016490e-01 1.614348683112597493e-01 -9.074958535140358051e-02 4.827418350872254016e-01 -2.641005960349337295e-02
4.382183908045909730e-03 -1.257089974220604311e-02 1.537256821097747819e-02 -8.913230910744109753e-03 7.286499685377316460e-02 -5.680002304079467303e-03
-0.000000000000000000e+00 0.000000000000000000e+00 0.000000000000000000e+00 0.000000000000000000e+00 0.000000000000000000e+00 0.000000000000000000e+00
4.813218390804389207e-02 -2.442495474932507293e-01 -2.430446471861942292e-01 4.648762589380335541e-02 -1.566915541425520642e-01 1.001997910108572316e-02
6.465517241379273392e-04 -1.056919708754720626e-03 4.277168355841176432e-03 -1.435986624312164022e-03 -1.370794791486613928e-03 2.687736495094275612e-04
1.487068965517288240e-02 6.337516845036555990e-02 -1.701103686031860823e-02 7.595153640598632620e-03 -6.822825482337959747e-03 -1.255331172209268875e-01
4.191810344827727464e-02 1.645718869329413081e-01 6.934018766474269596e-03 4.153342452349476632e-01 1.143438055229973049e-01 2.754220183389706200e-01
3.591954022988610729e-05 1.921895536214437723e-04 -1.370172431515321318e-04 -3.851542072408170830e-04 -2.002960345797582070e-05 9.004519103097328959e-04
5.100574712643863272e-03 2.047373506076670055e-02 7.782100322181508814e-04 6.055888403815890692e-02 2.465292620896269299e-02 7.226822910528332700e-02
-0.000000000000000000e+00 0.000000000000000000e+00 0.000000000000000000e+00 0.000000000000000000e+00 0.000000000000000000e+00 0.000000000000000000e+00
5.283764367816056601e-02 -9.276384359705687477e-02 3.235939296914476238e-01 -1.084487366894220928e-01 -1.727648787658698018e-02 1.356249694502676371e-02
1.185344827586241791e-03 6.332840660085731037e-03 -4.493738789405871993e-03 -1.255452970464713235e-02 -6.465883992737053764e-04 2.903815491563255247e-02
1.803160919540270149e-02 4.672782246610934082e-02 3.652855793790179412e-02 1.085216304413695459e-01 -7.579827614542980485e-02 1.446635650616315272e-02
8.631465517241625196e-02 4.440165243548568896e-01 -2.759822899981935196e-01 -6.196183909200937423e-01 -1.227438648487924090e-02 2.894620509916429607e-01
-0.000000000000000000e+00 0.000000000000000000e+00 0.000000000000000000e+00 0.000000000000000000e+00 0.000000000000000000e+00 0.000000000000000000e+00
7.187499999999727440e-02 -3.397702445344183975e-01 -2.562596140651928200e-01 2.624722178109152940e-02 1.347429534581819632e-01 -1.354575096814983858e-02
5.064655172413850062e-03 2.635535754148475053e-03 2.469174139387331213e-02 1.042518697854144354e-02 -5.131477294233639797e-02 4.734687717959488312e-03
4.058908045976945128e-02 -9.696447166976114584e-02 2.050171348787701853e-01 -9.589239860616720346e-02 3.454567901083758219e-01 -1.358171739654896043e-02
7.895114942528744240e-02 -8.446958557167755233e-02 5.075027213064293719e-01 -9.729708626146056638e-02 -5.971044386725139486e-01 4.551217287497622693e-02
3.020833333333202558e-02 -1.547402285730906935e-01 -1.589378317374769978e-01 3.190969817982071410e-02 -1.262496909792544808e-01 8.600418804521324859e-03
1.821120689655140318e-02 -5.819287743414001263e-02 4.397550462402849414e-02 -3.160872116278241190e-02 2.561591237746901895e-01 -1.891270529478085091e-02
6.034482758620889065e-03 2.393257926353011683e-02 -2.923648662335702605e-04 4.743417697794462262e-02 8.475723548317607575e-03 -1.032767501480895194e-03
-0.000000000000000000e+00 0.000000000000000000e+00 0.000000000000000000e+00 0.000000000000000000e+00 0.000000000000000000e+00 0.000000000000000000e+00
3.688936781609312293e-02 1.652007677735183588e-01 -5.172488750315824835e-02 5.492358382881838696e-02 1.676556578193292429e-02 -3.382451435859518685e-01
1.178160919540196215e-02 -4.352989160558407705e-02 6.473584468321753015e-03 -1.314205008153809112e-02 1.019239501356189737e-01 -6.076860347244901137e-03
