-0.000000000000000000e+00 0.000000000000000000e+00 0.000000000000000000e+00 0.000000000000000000e+00 0.000000000000000000e+00 0.000000000000000000e+00
2.118055555555211841e-03 -1.024016924356440511e-02 -1.981925961373082103e-03 -1.576098798147341357e-02 2.169523637278267074e-03 1.857324195453340446e-02
2.256944444444198769e-03 -6.847031947872509600e-03 1.486053129917430096e-03 1.883071873423809370e-02 -6.629644809444369897e-04 1.416337782620517502e-02
9.413194444446136566e-02 4.918618503723521940e-01 -5.815423539654052121e-01 -1.698684569119113599e-02 -1.527158405305784061e-01 -9.797242010011297797e-02
7.499999999998905112e-03 -3.188786108761356569e-02 -1.889905469525594503e-03 4.386489900540480220e-03 -7.470404609908259247e-03 -7.364643130977960306e-02
3.822916666667239283e-02 1.640545126052357083e-01 1.694012876448054983e-01 -2.219229140354778487e-02 1.921328052786305252e-01 2.150214277497266430e-02
-0.000000000000000000e+00 0.000000000000000000e+00 0.000000000000000000e+00 0.000000000000000000e+00 0.000000000000000000e+00 0.000000000000000000e+00
3.159722222221721718e-03 -1.464384442443046087e-02 -2.169512146782799199e-03 -1.385392158846254253e-02 2.235782057821635732e-04 -8.031116293936635050e-03
3.819444444445061013e-04 1.712155886389834071e-03 3.708476272623639422e-03 -7.749582726048014330e-04 -2.176937270139295364e-03 -2.560537369178823570e-04
2.614583333333810392e-02 1.409041048119965001e-01 -1.973790898515196124e-01 -8.636029109082003774e-03 -4.058789077123841627e-01 7.730073684343448381e-02
4.038194444445105530e-02 1.926141871719676268e-01 -1.189220078795675123e-01 6.316757627741385883e-03 5.569257582896858239e-01 -7.272869754192790026e-02
3.944444444443974407e-02 -1.333629702164659536e-01 1.937041494981722733e-02 2.832653327700752621e-01 -3.459992976323846003e-02 3.771434271896777213e-02
5.868055555556608155e-03 3.053420133316033305e-02 -3.227146414387076223e-02 -1.964336485479210772e-03 -4.956757097035169313e-02 8.724039835589331507e-03
8.114583333332009429e-02 -3.877925449034171912e-01 -7.016217349376814572e-02 -5.318578782440590569e-01 5.899754510361455984e-02 4.080994355245639027e-01
5.944444444445384085e-02 2.633921745848173956e-01 5.290861808715047188e-01 -1.049902302976058049e-01 -2.229495052096224783e-01 -1.886488148229284109e-02
2.177083333333151155e-02 -5.185468314331576067e-02 2.016616616492281078e-02 1.834065985837580459e-01 1.905151738005422812e-02 2.191788228917045667e-01
3.298611111111512690e-03 1.167346482808382518e-02 -1.418174820831796974e-03 5.542217251197581289e-03 5.682974188327147985e-02 1.069398523822162259e-02
1.388888888889118142e-03 6.318708304837360352e-03 1.505776578571783007e-02 -3.363092885631917446e-03 -1.342832426503546422e-02 -2.365020776550972193e-03
3.628472222221697935e-02 -1.483757557397171467e-01 -3.312085515726659497e-03 8.107012000644445160e-02 -4.167970458314109589e-02 -3.311207838492576938e-01
1.736111111110856932e-04 -7.284994120609501050e-04 -3.517283431350016451e-05 1.857409903602432160e-04 -1.827651390486521117e-04 -1.959607101699296482e-03
-0.000000000000000000e+00 0.000000000000000000e+00 0.000000000000000000e+00 0.000000000000000000e+00 0.000000000000000000e+00 0.000000000000000000e+00
3.690972222221616111e-02 -1.769612553794245591e-01 -3.262389561144574124e-02 -2.506197427512469877e-01 2.951927935039598203e-02 2.166783501908811638e-01
2.673611111110753627e-03 -1.029722050131995359e-02 3.393893479017838239e-04 1.153755062428685196e-02 -3.315438212432035483e-03 -1.878217173473240367e-02
7.430555555556544491e-03 2.784205903449207820e-02 5.133642910971082662e-02 -3.256400151305848499e-03 -1.904581951506981738e-03 8.664223386763786339e-03
2.552083333333706253e-02 1.084934612847174712e-01 -5.465830818297421657e-03 1.095681910027298048e-02 3.099601224481426942e-01 7.176677421889520077e-03
-0.000000000000000000e+00 0.000000000000000000e+00 0.000000000000000000e+00 0.000000000000000000e+00 0.000000000000000000e+00 0.000000000000000000e+00
3.982638888889545453e-02 1.937099388340690342e-01 -1.284145300496023767e-01 -4.909170457585814969e-04 3.368253404811126783e-01 -5.230848814614368764e-02
2.430555555555984288e-04 1.253138448675136319e-03 -1.187677695420384302e-03 -9.063339333677730421e-05 -2.089821878664741613e-03 4.139633202112820171e-04
4.423611111110567484e-02 -1.536473571639024871e-01 1.950062785947037983e-02 3.130984362989558401e-01 -4.499420232347049742e-02 1.927566680069878885e-02
2.083333333333676617e-04 9.468226307484276048e-04 2.242592239344397883e-03 -4.986728857902750309e-04 -1.950765335948556655e-03 -3.364111638538826664e-04
6.458333333333565740e-03 7.007822601113153534e-03 6.747511839148694415e-03 2.802252156986299869e-02 4.578667825270370251e-02 4.051612241579536505e-02
4.121527777778440788e-02 1.847350265673891323e-01 4.030517828343164743e-01 -8.439394250984948165e-02 -2.460855606911774296e-01 -3.010187691581430944e-02
-0.000000000000000000e+00 0.000000000000000000e+00 0.000000000000000000e+00 0.000000000000000000e+00 0.000000000000000000e+00 0.000000000000000000e+00
6.920138888887787665e-02 -3.189788031529496304e-01 -4.537360802477698879e-02 -2.774036901969502700e-01 -2.822475938429105328e-03 -2.573995988671997637e-01
2.118055555555373604e-03 -5.153320703325490158e-03 1.784444395074325949e-03 1.833913922731206236e-02 2.023259194836344883e-03 2.269956615374579129e-02
5.201388888888167777e-02 -2.035431257384243409e-01 4.172996534835987995e-03 2.060297839549126153e-01 -6.756546654698014631e-02 -4.217881028782219377e-01
5.871527777777167667e-02 -1.741931482434194711e-01 4.271390795816989994e-02 4.997370906867429907e-01 -1.196622420673777026e-02 4.422859774784606013e-01
2.753472222221762383e-02 -1.327845653938403980e-01 -2.532827333843461204e-02 -1.993888702956466141e-01 2.627835189068402147e-02 2.162608833678030529e-01
1.739583333333059173e-02 -7.703306512668514627e-02 -7.653002789078455249e-03 -2.504063106589014126e-02 -1.292985036442044142e-02 -1.961673961301163560e-01
8.125000000001297851e-03 3.765840683822942875e-02 -1.046518325441744271e-03 -1.920859487655025106e-03 5.652891138177436325e-02 -1.966862210661225220e-03
3.444444444445071696e-02 1.832334577963811162e-01 -2.376089048825558991e-01 -9.782074316310179415e-03 -3.438309719457299796e-01 4.546326923122370051e-02
3.052083333333802107e-02 1.330875366186743958e-01 2.206208388883510174e-01 -3.924989967289869985e-02 -4.319846567111496234e-03 6.719172202299858107e-03
3.208333333332834963e-02 -1.427078090321144133e-01 -1.500075820789855199e-02 -5.820841159493760075e-02 -1.816435228096997118e-02 -2.563080773387479971e-01
