-0.000000000000000000e+00 0.000000000000000000e+00 0.000000000000000000e+00 0.000000000000000000e+00 0.000000000000000000e+00 0.000000000000000000e+00
2.738095238095160193e-03 8.222409097789006027e-03 -3.399842790182449996e-03 -1.555739030327287983e-02 1.705182603209043010e-02 2.399161489175021152e-03
3.452380952380795440e-03 7.671496635243808815e-03 -1.664295512757767658e-04 2.048131438888994849e-02 1.367876108434530613e-02 2.496470687583966092e-03
8.589285714286655493e-02 -7.002625206810171310e-01 -6.131931724639113623e-01 8.806348573198962120e-04 -1.652702584382600287e-02 1.802528111541895628e-01
7.559523809523501468e-03 2.078322655157130439e-02 -6.116885160429169806e-03 -1.986038650484448723e-03 -5.937149459450506012e-02 -8.182000582002874750e-03
2.190476190476376220e-02 -1.032638326472527096e-01 1.808548218515964034e-01 -1.679320712106806279e-02 1.289513022920727933e-02 -1.423851613348686151e-01
-0.000000000000000000e+00 0.000000000000000000e+00 0.000000000000000000e+00 0.000000000000000000e+00 0.000000000000000000e+00 0.000000000000000000e+00
4.166666666666523494e-03 1.220135407298178487e-02 -4.633048887660246376e-03 -1.651854964246527932e-02 -1.613687896436658345e-03 -5.061483345260049801e-04
5.357142857143310606e-04 -2.456821705167288369e-03 5.662632488778480272e-03 -6.725311956482162446e-04 -4.945688057342006311e-04 2.651720371803649272e-03
3.809523809524251008e-03 -3.156120616521457256e-02 -2.917311930194020630e-02 4.782246262766226373e-05 -5.432748509559558875e-03 1.734901231332752758e-01
1.970238095238305634e-02 -1.516302992261256144e-01 -1.037412092192522284e-01 -7.240490068543408179e-04 1.845784483389205366e-02 -5.603632777466833748e-01
5.041666666666429208e-02 1.167366903898347796e-01 -7.853649427307917222e-03 2.629284031399999333e-01 4.245870229848874855e-02 1.791983288811049499e-02
1.369047619047772000e-03 -1.134288773415075349e-02 -1.048565180920572187e-02 1.698995126224017152e-05 -1.957238186964171175e-03 6.247528411587457281e-02
1.050595238095205219e-01 3.128975733079448762e-01 -1.258944962620356656e-01 -5.348561213614569931e-01 3.723936280236865293e-01 4.847093766862496655e-02
5.363095238095682421e-02 -2.442587076535881196e-01 5.499178134830010611e-01 -6.127781265897595114e-02 -2.952590903539671977e-02 1.454386489098434820e-01
3.101190476190343603e-02 6.089019055275170234e-02 7.934276454694792757e-03 1.985413032502516828e-01 2.604854966596461541e-01 2.852417282082623726e-02
-0.000000000000000000e+00 0.000000000000000000e+00 0.000000000000000000e+00 0.000000000000000000e+00 0.000000000000000000e+00 0.000000000000000000e+00
-0.000000000000000000e+00 0.000000000000000000e+00 0.000000000000000000e+00 0.000000000000000000e+00 0.000000000000000000e+00 0.000000000000000000e+00
4.345238095237902859e-02 1.150873757329842623e-01 -2.814556186912329366e-02 6.195510483286890968e-02 -3.385982054007914965e-01 -4.306520909657791246e-02
2.976190476190343644e-04 7.947894488113502361e-04 -2.021781022400504521e-04 3.688608689543309508e-04 -3.258325683561076082e-03 -4.594760850506458372e-04
-0.000000000000000000e+00 0.000000000000000000e+00 0.000000000000000000e+00 0.000000000000000000e+00 0.000000000000000000e+00 0.000000000000000000e+00
4.999999999999849704e-02 1.493829588342472647e-01 -6.073323477261698827e-02 -2.654721492562417406e-01 2.214752093581190684e-01 2.978358946272932281e-02
3.988095238095051148e-03 1.006002120850374784e-02 -1.807139608438755683e-03 1.277727104633904175e-02 -2.330345781072827235e-02 -2.483120818078403749e-03
8.869047619048196079e-03 -3.269777549599527100e-02 7.411156424766371376e-02 2.829061224385173647e-04 1.203350699638852835e-02 -1.475296370523582722e-02
2.797619047619331976e-03 -2.011870270357310128e-02 -1.446150001276625199e-02 1.064671116508472464e-03 4.753016107401167485e-03 -8.081085844417203179e-02
-0.000000000000000000e+00 0.000000000000000000e+00 0.000000000000000000e+00 0.000000000000000000e+00 0.000000000000000000e+00 0.000000000000000000e+00
1.994047619047827416e-02 -1.558437967521263401e-01 -1.178854898564589970e-01 3.280926985038785872e-04 1.521604683309756532e-02 -4.456550853619523633e-01
-0.000000000000000000e+00 0.000000000000000000e+00 0.000000000000000000e+00 0.000000000000000000e+00 0.000000000000000000e+00 0.000000000000000000e+00
6.672619047618723320e-02 1.590433557306207835e-01 -1.638622491591352343e-02 3.297564262454193984e-01 -4.453045648607724394e-02 1.437377115881458348e-02
-0.000000000000000000e+00 0.000000000000000000e+00 0.000000000000000000e+00 0.000000000000000000e+00 0.000000000000000000e+00 0.000000000000000000e+00
4.583333333333192844e-03 4.293596162043927106e-03 4.444962151800496003e-03 2.560284535671341483e-02 3.863453089114913391e-02 -5.219334151108407857e-03
3.440476190476482454e-02 -1.577522867056486977e-01 3.637855837941146309e-01 -4.325306111227788380e-02 -3.324584116262110922e-02 1.813174135793095276e-01
-0.000000000000000000e+00 0.000000000000000000e+00 0.000000000000000000e+00 0.000000000000000000e+00 0.000000000000000000e+00 0.000000000000000000e+00
9.345238095237759501e-02 2.718639155188151690e-01 -1.007782389002961770e-01 -3.285296082846174692e-01 -2.075523804619613111e-01 -3.729628940127033276e-02
2.916666666666527588e-03 6.226671396222271601e-03 2.430136651809212890e-04 1.917519335843428929e-02 2.397130392107618344e-02 3.690562058476240005e-03
6.755952380952066905e-02 1.748920029966199163e-01 -3.725111861408132718e-02 1.649215209121412118e-01 -5.323781099660235272e-01 -6.350774894656709135e-02
7.976190476190114786e-02 1.728044211636499405e-01 2.934979859359250313e-03 4.872030711527380320e-01 4.347444909827027915e-01 7.133836103339269430e-02
3.291666666666567126e-02 9.867408964554064132e-02 -4.056541080576696323e-02 -1.827903731015281530e-01 1.842447830919597684e-01 2.559763888106453972e-02
1.660714285714211952e-02 4.571449765610208910e-02 -1.348417410689882120e-02 -2.984698215109137572e-03 -1.793655428067470192e-01 -2.647856367087416535e-02
1.785714285714466232e-04 -1.209550324638372166e-03 -1.773828583219116094e-04 -4.980153252979364502e-05 1.824954162007480399e-04 -4.735429844788657631e-03
1.297619047619194728e-02 -1.074175642608293790e-01 -9.900931400396682791e-02 1.570232064350473103e-04 -1.763949890266191742e-02 5.596925972850560482e-01
2.976190476190719927e-02 -1.355522655616338834e-01 2.825292857669201574e-01 -2.788288630434082246e-02 7.003936744240162222e-03 -8.553839158522497099e-02
3.755952380952231467e-02 1.071275815148550886e-01 -3.687446046294844820e-02 -8.714117722089685658e-02 -1.848862179501091219e-01 -2.847403758917013347e-02
