-0.000000000000000000e+00 0.000000000000000000e+00 0.000000000000000000e+00 0.000000000000000000e+00 0.000000000000000000e+00 0.000000000000000000e+00
1.874999999999449156e-03 -9.298595374478860892e-03 -1.451549556923320723e-03 -1.538513738630807939e-02 -2.569119624569622500e-03 1.692028791828286208e-02
2.380952380952003865e-03 -7.065708447969334775e-03 9.999588856741549025e-04 1.956523838786106834e-02 -4.223534391331472035e-04 1.810750145493242660e-02
9.770833333336195747e-02 5.053665255170759485e-01 -5.891863225837107310e-01 -3.840401107169161277e-02 2.959227445109421928e-01 -4.542336600290659832e-02
9.821428571426068024e-03 -4.254841640946532833e-02 -2.460743892045483966e-03 1.061460316239591466e-02 1.359712176816036885e-02 -1.046441179322778331e-01
3.610119047619933519e-02 1.495176299313556723e-01 1.553301397391212701e-01 -1.310682087361971643e-02 -1.911516987539310652e-01 9.519222469903339257e-03
-0.000000000000000000e+00 0.000000000000000000e+00 0.000000000000000000e+00 0.000000000000000000e+00 0.000000000000000000e+00 0.000000000000000000e+00
3.273809523808601449e-03 -1.554637280271926880e-02 -1.927713712241924246e-03 -1.546212430275999312e-02 -3.118055083455049730e-04 -9.743277542692971999e-03
3.273809523810397538e-04 1.433496083567048279e-03 2.982640350021792744e-03 -5.805729570244151302e-04 1.791508938482793464e-03 -1.485239516564281273e-04
2.592261904762689292e-02 1.376964133582628258e-01 -1.802047240539267625e-01 -1.547868149610337474e-02 3.130521029261396637e-01 6.626800938691544685e-02
3.833333333334335014e-02 1.775243243142920757e-01 -1.078894742212403030e-01 9.073257302621746609e-03 -5.383897621262528910e-01 -1.058822207275209593e-01
4.071428571427782028e-02 -1.424576551503374811e-01 1.088257986571465781e-02 2.948282566484087264e-01 4.200997041396600795e-02 6.943183229637089893e-02
7.619047619049843824e-03 3.911380158262748458e-02 -3.983748133058722524e-02 -3.984935506718827701e-03 5.564815175636566441e-02 1.229263371991265452e-02
7.541666666664448293e-02 -3.690558701100243311e-01 -5.394694274575427551e-02 -5.340149176467049452e-01 -7.061040219222350367e-02 3.591091996921799701e-01
6.443452380954076131e-02 2.788833205435019558e-01 5.431282891332750440e-01 -9.915520693118488882e-02 2.346441771959502931e-01 -1.473231164650268092e-02
1.866071428571197677e-02 -4.471496686006037891e-02 1.293117801758974714e-02 1.564840140858906603e-01 -2.331271680585264225e-02 2.186368860852959672e-01
6.130952380953662989e-03 2.231964051078444075e-02 -4.103451885588959951e-03 9.545332603852599990e-03 -1.220505125223552007e-01 5.721559854377599244e-03
1.250000000000341550e-03 5.550064083515178666e-03 1.250264058982983144e-02 -2.631439926988912454e-03 1.113268123410021161e-02 -1.315313933956954989e-03
3.645833333332456488e-02 -1.524299005908217319e-01 -5.393114578683274110e-03 9.097229398777482989e-02 5.193650944920785023e-02 -3.136148115812453785e-01
1.488095238094874751e-04 -6.413027403354063221e-04 -3.630451348273790700e-05 1.545571149787620978e-04 1.894786180129275945e-04 -1.620169700799216697e-03
-0.000000000000000000e+00 0.000000000000000000e+00 0.000000000000000000e+00 0.000000000000000000e+00 0.000000000000000000e+00 0.000000000000000000e+00
3.523809523808485444e-02 -1.732859533304841049e-01 -2.595319515862989923e-02 -2.635662835816597882e-01 -3.813530896089726424e-02 2.154687528591717471e-01
2.529761904761325484e-03 -1.008974497896449225e-02 -4.237772250790702958e-05 1.088807186254030050e-02 3.984688647936864871e-03 -1.903852137771963257e-02
8.333333333335253557e-03 3.161233265718586122e-02 5.704631905785284562e-02 -4.104823177292321948e-03 3.910120722600084371e-03 7.904602378036897081e-03
2.479166666667245722e-02 1.004546179482713464e-01 -5.878464212111978934e-03 1.676234538060619728e-02 -3.271316966454710928e-01 -9.717986949278169598e-03
-0.000000000000000000e+00 0.000000000000000000e+00 0.000000000000000000e+00 0.000000000000000000e+00 0.000000000000000000e+00 0.000000000000000000e+00
3.750000000001012246e-02 1.780407984565528789e-01 -1.175273870958304934e-01 4.159446170508724889e-04 -3.324649371687343202e-01 -7.270876468494048839e-02
2.083333333333935741e-04 1.057761275365091133e-03 -9.552357472083839503e-04 -1.128970097075286585e-04 1.533097558443860357e-03 3.800997887176626945e-04
4.812499999999037686e-02 -1.734781552400746218e-01 1.027340673529254615e-02 3.381856570536329043e-01 5.837430579699186273e-02 3.497092944032324791e-02
1.785714285714772791e-04 7.923446321999396986e-04 1.779101259586272996e-03 -3.731682379635220992e-04 1.560105746103320618e-03 -1.818931734061423385e-04
6.309523809524296596e-03 7.528689527689299242e-03 6.834253921743078768e-03 2.617744025939794730e-02 -4.994699511977163803e-02 3.983467771705895277e-02
4.446428571429753007e-02 1.945193593257671105e-01 4.069876355438284410e-01 -7.919680073182282232e-02 2.525392290703241116e-01 -2.102233468817199871e-02
-0.000000000000000000e+00 0.000000000000000000e+00 0.000000000000000000e+00 0.000000000000000000e+00 0.000000000000000000e+00 0.000000000000000000e+00
6.494047619045771602e-02 -3.062789802631672997e-01 -3.646472451129636333e-02 -2.750350657236768082e-01 3.254889265825383366e-03 -2.544712248200750593e-01
2.886904761904526048e-03 -4.567243155034210640e-03 1.528365069265020431e-03 2.174674025084590706e-02 -1.001471075755448401e-02 3.024435272729835561e-02
5.449404761903495903e-02 -2.187830977835568680e-01 -1.555336719193680566e-03 2.320793061560787185e-01 8.937893544994041095e-02 -4.295382410060286649e-01
5.413690476189602502e-02 -1.637029592632913977e-01 2.531267001353279186e-02 4.581841697772550681e-01 1.579766490060646386e-03 4.747782139161690340e-01
2.732142857142044051e-02 -1.351412268092752056e-01 -2.083059747788841565e-02 -2.179635963212507299e-01 -3.491491645593858967e-02 2.205270740448000699e-01
1.556547619047209813e-02 -7.065523391039692236e-02 -6.424388419830093060e-03 -2.435303562951242340e-02 1.388909605823066516e-02 -1.705795284980325399e-01
7.500000000001960827e-03 3.399412648065779086e-02 -2.400800074095986968e-03 -1.177658891670437186e-03 -4.981604804813643400e-02 -4.749467430869680484e-03
3.651785714286799600e-02 1.918392123459695953e-01 -2.370149366041932604e-01 -1.941657760859369711e-02 3.211518874648127686e-01 5.424945160517911924e-02
3.017857142857906239e-02 1.277202806202779595e-01 2.055755250014483504e-01 -3.110418033775142616e-02 -7.385155965322525926e-03 4.858175171217901135e-03
3.220238095237233644e-02 -1.452233559758497605e-01 -1.260943636682539983e-02 -4.106929330124931693e-02 2.754757101186975504e-02 -2.800913868780778304e-01
