5.800000000000000000e+03 3.191438229823306756e+03 3.520920922344304245e+02 2.808886734271569594e+02 1.241165134750793015e+02 7.346682523562047606e+01
2.600000000000000000e+03 3.127771268804996794e+02 4.466345049259161470e+01 3.306639535733042123e+01 2.110752284210524721e+01 1.786063913957142191e+01
1.060000000000000000e+04 2.779283112705241365e+03 3.452747447718024887e+02 2.380392640335180090e+02 8.803593615013122076e+01 7.738724194435505410e+01
3.800000000000000000e+03 2.070025490248458027e+03 3.076033790058188515e+02 1.785198976963309576e+02 8.747205184784955634e+01 6.020624527676904592e+01
5.000000000000000000e+03 2.782706973979191844e+03 3.262878146244617596e+02 1.309285063188611673e+02 6.150614672938838368e+01 5.201769046741934233e+01
1.400000000000000000e+03 3.765034782251554475e+02 4.764152137440166257e+01 3.663175838920155059e+01 2.502656482922821013e+01 1.878280045438927459e+01
1.120000000000000000e+04 3.024151631260533122e+03 3.312927741968604209e+02 2.361157327014434486e+02 8.985515925667107240e+01 7.973961143364026327e+01
3.200000000000000000e+03 3.169135515418092268e+02 7.088767764149082495e+01 4.034522907847568263e+01 3.372248042432214987e+01 2.791453265370248005e+01
3.400000000000000000e+03 6.204204620563343724e+02 2.981157443141338490e+02 7.977240719062119467e+01 6.422283586211950990e+01 4.454733688266627922e+01
2.000000000000000000e+03 3.582880835904434775e+02 4.332779579572166995e+01 3.211288415515045358e+01 2.054471013441016680e+01 1.674210094212267563e+01
1.140000000000000000e+04 2.758336693589654260e+03 3.443365700703830612e+02 2.384962502866131615e+02 8.960206001135148313e+01 8.205510131122062489e+01
1.080000000000000000e+04 2.801595443095958672e+03 3.271879866560657319e+02 2.364434913547198391e+02 8.916237215097211788e+01 8.293218076466986588e+01
6.600000000000000000e+03 2.650199679314371224e+03 3.546927198070425220e+02 2.437390222784160585e+02 1.106534150005083035e+02 7.758931317077470169e+01
1.000000000000000000e+03 2.586491511167257045e+02 3.459520413632387204e+01 2.633533165841465262e+01 1.925949244759784662e+01 1.262510463833400287e+01
1.020000000000000000e+04 2.821591834245215523e+03 3.356764663609849890e+02 2.376844799358091223e+02 9.008822870898445956e+01 8.303697462775571125e+01
6.800000000000000000e+03 2.499846120423669163e+03 3.385046285012180647e+02 2.539205612696486298e+02 1.086332192091586535e+02 8.367318272460933315e+01
5.400000000000000000e+03 2.881912875084989537e+03 3.510401869311707514e+02 3.325256189253569232e+02 1.286260135805288201e+02 7.026716241083489933e+01
7.200000000000000000e+03 2.351362964931919123e+03 3.390126527894464630e+02 2.371542288076051364e+02 1.020084455198544191e+02 9.480173005009075382e+01
4.400000000000000000e+03 3.987516334630741767e+03 3.431639621057802856e+02 1.430349415312242058e+02 8.262573658597654003e+01 6.556166970444236597e+01
9.400000000000000000e+03 2.758466568800469759e+03 3.412032976048199089e+02 2.448759919376640539e+02 9.327581000464546435e+01 8.340292984051018266e+01
1.000000000000000000e+04 2.736568896391288945e+03 3.184841462440809323e+02 2.365157454575781060e+02 9.027518212503177608e+01 8.185167580940914434e+01
1.200000000000000000e+03 3.290151574154241416e+02 3.564892364763033328e+01 2.817043131232397712e+01 1.907639854242181343e+01 1.265932539301126170e+01
9.000000000000000000e+03 2.809891951598672222e+03 3.313054707704972657e+02 2.309955780974660797e+02 9.275042345947960598e+01 9.132372691840626544e+01
3.600000000000000000e+03 3.575002245976398285e+02 8.062470744963958680e+01 4.219105625824342809e+01 3.483814246233509238e+01 2.513039172401717636e+01
7.000000000000000000e+03 2.463710335133928766e+03 3.392956006318354980e+02 2.525183500297561352e+02 1.069045583715628567e+02 7.705667699065034526e+01
9.600000000000000000e+03 2.682611428776578578e+03 3.490713128506190515e+02 2.404698060006562912e+02 9.375689628901149320e+01 7.967396021668298545e+01
8.800000000000000000e+03 2.766625289042493478e+03 3.401264280017471719e+02 2.254492557295127710e+02 9.403789623299223877e+01 9.242596535185111861e+01
4.800000000000000000e+03 3.278753644753521257e+03 3.433051162730080250e+02 1.379109812650109461e+02 6.965879372472490161e+01 5.984947754369684247e+01
5.600000000000000000e+03 3.109801245655376988e+03 3.741281053522898219e+02 3.044222919715334115e+02 1.309787987443685040e+02 7.559571046017155993e+01
4.200000000000000000e+03 3.217413331955861850e+03 3.208852011736595955e+02 1.520146331561585100e+02 8.426247894619120871e+01 6.262087037580247539e+01
8.000000000000000000e+03 2.563678475845229059e+03 3.364088434671509731e+02 2.363304022383518088e+02 1.001083544472885052e+02 9.235190417067370561e+01
1.600000000000000000e+03 2.973940957983102180e+02 3.866464896929122830e+01 3.456975063845278129e+01 1.892302862602269187e+01 1.742513632703365900e+01
1.800000000000000000e+03 3.113052052010597777e+02 4.175880215817330310e+01 3.404659982473082636e+01 2.114591960350275102e+01 1.744499876712587749e+01
2.000000000000000000e+02 3.932599424149867673e+01 2.305455227446857336e+01 7.713459576412231122e+00 6.977985804100764078e+00 nan
3.000000000000000000e+03 3.361402486556494296e+02 6.905447869489574941e+01 4.046423728941910980e+01 3.249693417100718307e+01 2.606249746190963279e+01
5.200000000000000000e+03 3.139701715173653156e+03 3.177216046329616006e+02 1.546111845978272754e+02 6.445178212027022369e+01 6.157080252645024387e+01
1.200000000000000000e+04 2.830914710305571589e+03 3.256918082364646239e+02 2.323856022958676988e+02 9.272950558586634884e+01 8.492021121245200277e+01
1.160000000000000000e+04 2.543878810008446180e+03 3.322612411897828792e+02 2.239375172359168857e+02 8.873237087316569216e+01 7.875041080935898208e+01
4.000000000000000000e+03 3.019824492081990684e+03 3.208373188037840578e+02 1.833450610197057529e+02 1.030806131720123204e+02 6.663928044997416578e+01
9.200000000000000000e+03 2.916811305361081850e+03 3.349780474603304015e+02 2.458285341219425675e+02 9.727156396449824172e+01 8.592087611726533680e+01
7.400000000000000000e+03 2.399531437193551483e+03 3.519812114578244859e+02 2.488101233891254083e+02 1.041905923532931553e+02 8.348067240497672969e+01
8.000000000000000000e+02 3.087172319818914161e+02 3.827687340204342092e+01 1.915125242023119867e+01 1.612499766462075357e+01 1.470992845896302192e+01
4.000000000000000000e+02 4.275058285297383520e+01 1.987739835203365857e+01 1.839453890697548388e+01 8.913134365202479259e+00 8.743332794920783968e+00
6.000000000000000000e+03 3.008980141433425160e+03 3.426608246837113256e+02 2.652782226196225679e+02 1.208385225821633782e+02 7.446019698099328821e+01
1.180000000000000000e+04 2.770547003127446715e+03 3.212018235939315787e+02 2.344534361332175649e+02 8.743643708456353636e+01 8.061769438832800461e+01
2.400000000000000000e+03 3.429191530377755157e+02 4.768185312273476484e+01 3.569362311954466094e+01 2.243291349284183411e+01 1.871413532770078803e+01
9.800000000000000000e+03 2.779029874447681777e+03 3.275594657201784230e+02 2.379785010789894102e+02 9.207499918755702595e+01 8.078110640257619934e+01
7.800000000000000000e+03 2.641297949311332104e+03 3.386102889298428522e+02 2.318479884456547779e+02 1.007844884815846882e+02 9.692705208440844444e+01
6.000000000000000000e+02 2.320959582108779102e+02 3.688122100824610072e+01 2.202840839000514350e+01 1.939159149012467864e+01 1.406954648852902423e+01
7.600000000000000000e+03 2.487924303632901228e+03 3.348812865187402963e+02 2.407724092111295704e+02 1.008021903422677639e+02 8.913943063337625006e+01
8.200000000000000000e+03 2.479495795087359966e+03 3.471677491905400075e+02 2.301327986454328141e+02 9.971603783724516745e+01 9.532679300092677011e+01
8.600000000000000000e+03 2.548369978356075535e+03 3.311634914008884607e+02 2.234258911046666185e+02 9.289127216748488536e+01 8.697899161425694103e+01
1.100000000000000000e+04 2.804551040400667262e+03 3.307326053850461562e+02 2.341013632801191022e+02 8.920268992422127496e+01 8.286249164433080239e+01
8.400000000000000000e+03 2.514654333145434521e+03 3.185832461313343629e+02 2.219580084192845106e+02 9.141090252308858055e+01 8.884148500137129645e+01
2.800000000000000000e+03 2.860678240226484945e+02 5.897170593398194427e+01 3.664159830084604152e+01 3.081717875625413328e+01 2.020396181114816514e+01
6.400000000000000000e+03 2.469728332850758761e+03 3.474019977563271482e+02 2.413295306798143258e+02 1.115376809849875457e+02 7.562815666354424593e+01
2.200000000000000000e+03 3.140734698694436702e+02 4.565785203899056910e+01 3.891616228236502906e+01 2.419675488062614477e+01 1.860538461285922196e+01
1.040000000000000000e+04 2.958929143164962625e+03 3.362639515892048507e+02 2.435152802752330956e+02 9.254980896949740554e+01 7.903649097800018808e+01
6.200000000000000000e+03 2.503683422168258858e+03 3.298329338902987047e+02 2.481326755796168015e+02 1.174939480574536503e+02 7.828449033303058968e+01
4.600000000000000000e+03 3.604754817357236334e+03 3.551190194587318842e+02 1.442787856009996972e+02 7.170392693486564895e+01 6.000704228203379387e+01
0.000000000000000000e+00 0.000000000000000000e+00 0.000000000000000000e+00 0.000000000000000000e+00 0.000000000000000000e+00 0.000000000000000000e+00
0.000000000000000000e+00 0.000000000000000000e+00 0.000000000000000000e+00 0.000000000000000000e+00 0.000000000000000000e+00 0.000000000000000000e+00
0.000000000000000000e+00 0.000000000000000000e+00 0.000000000000000000e+00 0.000000000000000000e+00 0.000000000000000000e+00 0.000000000000000000e+00
0.000000000000000000e+00 0.000000000000000000e+00 0.000000000000000000e+00 0.000000000000000000e+00 0.000000000000000000e+00 0.000000000000000000e+00
0.000000000000000000e+00 0.000000000000000000e+00 0.000000000000000000e+00 0.000000000000000000e+00 0.000000000000000000e+00 0.000000000000000000e+00
0.000000000000000000e+00 0.000000000000000000e+00 0.000000000000000000e+00 0.000000000000000000e+00 0.000000000000000000e+00 0.000000000000000000e+00
0.000000000000000000e+00 0.000000000000000000e+00 0.000000000000000000e+00 0.000000000000000000e+00 0.000000000000000000e+00 0.000000000000000000e+00
0.000000000000000000e+00 0.000000000000000000e+00 0.000000000000000000e+00 0.000000000000000000e+00 0.000000000000000000e+00 0.000000000000000000e+00
0.000000000000000000e+00 0.000000000000000000e+00 0.000000000000000000e+00 0.000000000000000000e+00 0.000000000000000000e+00 0.000000000000000000e+00
0.000000000000000000e+00 0.000000000000000000e+00 0.000000000000000000e+00 0.000000000000000000e+00 0.000000000000000000e+00 0.000000000000000000e+00
0.000000000000000000e+00 0.000000000000000000e+00 0.000000000000000000e+00 0.000000000000000000e+00 0.000000000000000000e+00 0.000000000000000000e+00
0.000000000000000000e+00 0.000000000000000000e+00 0.000000000000000000e+00 0.000000000000000000e+00 0.000000000000000000e+00 0.000000000000000000e+00
0.000000000000000000e+00 0.000000000000000000e+00 0.000000000000000000e+00 0.000000000000000000e+00 0.000000000000000000e+00 0.000000000000000000e+00
0.000000000000000000e+00 0.000000000000000000e+00 0.000000000000000000e+00 0.000000000000000000e+00 0.000000000000000000e+00 0.000000000000000000e+00
0.000000000000000000e+00 0.000000000000000000e+00 0.000000000000000000e+00 0.000000000000000000e+00 0.000000000000000000e+00 0.000000000000000000e+00
0.000000000000000000e+00 0.000000000000000000e+00 0.000000000000000000e+00 0.000000000000000000e+00 0.000000000000000000e+00 0.000000000000000000e+00
0.000000000000000000e+00 0.000000000000000000e+00 0.000000000000000000e+00 0.000000000000000000e+00 0.000000000000000000e+00 0.000000000000000000e+00
0.000000000000000000e+00 0.000000000000000000e+00 0.000000000000000000e+00 0.000000000000000000e+00 0.000000000000000000e+00 0.000000000000000000e+00
0.000000000000000000e+00 0.000000000000000000e+00 0.000000000000000000e+00 0.000000000000000000e+00 0.000000000000000000e+00 0.000000000000000000e+00
0.000000000000000000e+00 0.000000000000000000e+00 0.000000000000000000e+00 0.000000000000000000e+00 0.000000000000000000e+00 0.000000000000000000e+00
0.000000000000000000e+00 0.000000000000000000e+00 0.000000000000000000e+00 0.000000000000000000e+00 0.000000000000000000e+00 0.000000000000000000e+00
0.000000000000000000e+00 0.000000000000000000e+00 0.000000000000000000e+00 0.000000000000000000e+00 0.000000000000000000e+00 0.000000000000000000e+00
0.000000000000000000e+00 0.000000000000000000e+00 0.000000000000000000e+00 0.000000000000000000e+00 0.000000000000000000e+00 0.000000000000000000e+00
0.000000000000000000e+00 0.000000000000000000e+00 0.000000000000000000e+00 0.000000000000000000e+00 0.000000000000000000e+00 0.000000000000000000e+00
0.000000000000000000e+00 0.000000000000000000e+00 0.000000000000000000e+00 0.000000000000000000e+00 0.000000000000000000e+00 0.000000000000000000e+00
0.000000000000000000e+00 0.000000000000000000e+00 0.000000000000000000e+00 0.000000000000000000e+00 0.000000000000000000e+00 0.000000000000000000e+00
0.000000000000000000e+00 0.000000000000000000e+00 0.000000000000000000e+00 0.000000000000000000e+00 0.000000000000000000e+00 0.000000000000000000e+00
0.000000000000000000e+00 0.000000000000000000e+00 0.000000000000000000e+00 0.000000000000000000e+00 0.000000000000000000e+00 0.000000000000000000e+00
0.000000000000000000e+00 0.000000000000000000e+00 0.000000000000000000e+00 0.000000000000000000e+00 0.000000000000000000e+00 0.000000000000000000e+00
0.000000000000000000e+00 0.000000000000000000e+00 0.000000000000000000e+00 0.000000000000000000e+00 0.000000000000000000e+00 0.000000000000000000e+00
0.000000000000000000e+00 0.000000000000000000e+00 0.000000000000000000e+00 0.000000000000000000e+00 0.000000000000000000e+00 0.000000000000000000e+00
0.000000000000000000e+00 0.000000000000000000e+00 0.000000000000000000e+00 0.000000000000000000e+00 0.000000000000000000e+00 0.000000000000000000e+00
0.000000000000000000e+00 0.000000000000000000e+00 0.000000000000000000e+00 0.000000000000000000e+00 0.000000000000000000e+00 0.000000000000000000e+00
0.000000000000000000e+00 0.000000000000000000e+00 0.000000000000000000e+00 0.000000000000000000e+00 0.000000000000000000e+00 0.000000000000000000e+00
0.000000000000000000e+00 0.000000000000000000e+00 0.000000000000000000e+00 0.000000000000000000e+00 0.000000000000000000e+00 0.000000000000000000e+00
0.000000000000000000e+00 0.000000000000000000e+00 0.000000000000000000e+00 0.000000000000000000e+00 0.000000000000000000e+00 0.000000000000000000e+00
0.000000000000000000e+00 0.000000000000000000e+00 0.000000000000000000e+00 0.000000000000000000e+00 0.000000000000000000e+00 0.000000000000000000e+00
0.000000000000000000e+00 0.000000000000000000e+00 0.000000000000000000e+00 0.000000000000000000e+00 0.000000000000000000e+00 0.000000000000000000e+00
0.000000000000000000e+00 0.000000000000000000e+00 0.000000000000000000e+00 0.000000000000000000e+00 0.000000000000000000e+00 0.000000000000000000e+00
0.000000000000000000e+00 0.000000000000000000e+00 0.000000000000000000e+00 0.000000000000000000e+00 0.000000000000000000e+00 0.000000000000000000e+00
0.000000000000000000e+00 0.000000000000000000e+00 0.000000000000000000e+00 0.000000000000000000e+00 0.000000000000000000e+00 0.000000000000000000e+00
0.000000000000000000e+00 0.000000000000000000e+00 0.000000000000000000e+00 0.000000000000000000e+00 0.000000000000000000e+00 0.000000000000000000e+00
0.000000000000000000e+00 0.000000000000000000e+00 0.000000000000000000e+00 0.000000000000000000e+00 0.000000000000000000e+00 0.000000000000000000e+00
0.000000000000000000e+00 0.000000000000000000e+00 0.000000000000000000e+00 0.000000000000000000e+00 0.000000000000000000e+00 0.000000000000000000e+00
0.000000000000000000e+00 0.000000000000000000e+00 0.000000000000000000e+00 0.000000000000000000e+00 0.000000000000000000e+00 0.000000000000000000e+00
0.000000000000000000e+00 0.000000000000000000e+00 0.000000000000000000e+00 0.000000000000000000e+00 0.000000000000000000e+00 0.000000000000000000e+00
0.000000000000000000e+00 0.000000000000000000e+00 0.000000000000000000e+00 0.000000000000000000e+00 0.000000000000000000e+00 0.000000000000000000e+00
0.000000000000000000e+00 0.000000000000000000e+00 0.000000000000000000e+00 0.000000000000000000e+00 0.000000000000000000e+00 0.000000000000000000e+00
0.000000000000000000e+00 0.000000000000000000e+00 0.000000000000000000e+00 0.000000000000000000e+00 0.000000000000000000e+00 0.000000000000000000e+00
0.000000000000000000e+00 0.000000000000000000e+00 0.000000000000000000e+00 0.000000000000000000e+00 0.000000000000000000e+00 0.000000000000000000e+00
0.000000000000000000e+00 0.000000000000000000e+00 0.000000000000000000e+00 0.000000000000000000e+00 0.000000000000000000e+00 0.000000000000000000e+00
0.000000000000000000e+00 0.000000000000000000e+00 0.000000000000000000e+00 0.000000000000000000e+00 0.000000000000000000e+00 0.000000000000000000e+00
0.000000000000000000e+00 0.000000000000000000e+00 0.000000000000000000e+00 0.000000000000000000e+00 0.000000000000000000e+00 0.000000000000000000e+00
0.000000000000000000e+00 0.000000000000000000e+00 0.000000000000000000e+00 0.000000000000000000e+00 0.000000000000000000e+00 0.000000000000000000e+00
0.000000000000000000e+00 0.000000000000000000e+00 0.000000000000000000e+00 0.000000000000000000e+00 0.000000000000000000e+00 0.000000000000000000e+00
0.000000000000000000e+00 0.000000000000000000e+00 0.000000000000000000e+00 0.000000000000000000e+00 0.000000000000000000e+00 0.000000000000000000e+00
0.000000000000000000e+00 0.000000000000000000e+00 0.000000000000000000e+00 0.000000000000000000e+00 0.000000000000000000e+00 0.000000000000000000e+00
0.000000000000000000e+00 0.000000000000000000e+00 0.000000000000000000e+00 0.000000000000000000e+00 0.000000000000000000e+00 0.000000000000000000e+00
0.000000000000000000e+00 0.000000000000000000e+00 0.000000000000000000e+00 0.000000000000000000e+00 0.000000000000000000e+00 0.000000000000000000e+00
0.000000000000000000e+00 0.000000000000000000e+00 0.000000000000000000e+00 0.000000000000000000e+00 0.000000000000000000e+00 0.000000000000000000e+00
0.000000000000000000e+00 0.000000000000000000e+00 0.000000000000000000e+00 0.000000000000000000e+00 0.000000000000000000e+00 0.000000000000000000e+00
0.000000000000000000e+00 0.000000000000000000e+00 0.000000000000000000e+00 0.000000000000000000e+00 0.000000000000000000e+00 0.000000000000000000e+00
0.000000000000000000e+00 0.000000000000000000e+00 0.000000000000000000e+00 0.000000000000000000e+00 0.000000000000000000e+00 0.000000000000000000e+00
0.000000000000000000e+00 0.000000000000000000e+00 0.000000000000000000e+00 0.000000000000000000e+00 0.000000000000000000e+00 0.000000000000000000e+00
0.000000000000000000e+00 0.000000000000000000e+00 0.000000000000000000e+00 0.000000000000000000e+00 0.000000000000000000e+00 0.000000000000000000e+00
0.000000000000000000e+00 0.000000000000000000e+00 0.000000000000000000e+00 0.000000000000000000e+00 0.000000000000000000e+00 0.000000000000000000e+00
0.000000000000000000e+00 0.000000000000000000e+00 0.000000000000000000e+00 0.000000000000000000e+00 0.000000000000000000e+00 0.000000000000000000e+00
0.000000000000000000e+00 0.000000000000000000e+00 0.000000000000000000e+00 0.000000000000000000e+00 0.000000000000000000e+00 0.000000000000000000e+00
0.000000000000000000e+00 0.000000000000000000e+00 0.000000000000000000e+00 0.000000000000000000e+00 0.000000000000000000e+00 0.000000000000000000e+00
0.000000000000000000e+00 0.000000000000000000e+00 0.000000000000000000e+00 0.000000000000000000e+00 0.000000000000000000e+00 0.000000000000000000e+00
0.000000000000000000e+00 0.000000000000000000e+00 0.000000000000000000e+00 0.000000000000000000e+00 0.000000000000000000e+00 0.000000000000000000e+00
0.000000000000000000e+00 0.000000000000000000e+00 0.000000000000000000e+00 0.000000000000000000e+00 0.000000000000000000e+00 0.000000000000000000e+00
0.000000000000000000e+00 0.000000000000000000e+00 0.000000000000000000e+00 0.000000000000000000e+00 0.000000000000000000e+00 0.000000000000000000e+00
0.000000000000000000e+00 0.000000000000000000e+00 0.000000000000000000e+00 0.000000000000000000e+00 0.000000000000000000e+00 0.000000000000000000e+00
0.000000000000000000e+00 0.000000000000000000e+00 0.000000000000000000e+00 0.000000000000000000e+00 0.000000000000000000e+00 0.000000000000000000e+00
0.000000000000000000e+00 0.000000000000000000e+00 0.000000000000000000e+00 0.000000000000000000e+00 0.000000000000000000e+00 0.000000000000000000e+00
0.000000000000000000e+00 0.000000000000000000e+00 0.000000000000000000e+00 0.000000000000000000e+00 0.000000000000000000e+00 0.000000000000000000e+00
0.000000000000000000e+00 0.000000000000000000e+00 0.000000000000000000e+00 0.000000000000000000e+00 0.000000000000000000e+00 0.000000000000000000e+00
0.000000000000000000e+00 0.000000000000000000e+00 0.000000000000000000e+00 0.000000000000000000e+00 0.000000000000000000e+00 0.000000000000000000e+00
0.000000000000000000e+00 0.000000000000000000e+00 0.000000000000000000e+00 0.000000000000000000e+00 0.000000000000000000e+00 0.000000000000000000e+00
0.000000000000000000e+00 0.000000000000000000e+00 0.000000000000000000e+00 0.000000000000000000e+00 0.000000000000000000e+00 0.000000000000000000e+00
0.000000000000000000e+00 0.000000000000000000e+00 0.000000000000000000e+00 0.000000000000000000e+00 0.000000000000000000e+00 0.000000000000000000e+00
0.000000000000000000e+00 0.000000000000000000e+00 0.000000000000000000e+00 0.000000000000000000e+00 0.000000000000000000e+00 0.000000000000000000e+00
0.000000000000000000e+00 0.000000000000000000e+00 0.000000000000000000e+00 0.000000000000000000e+00 0.000000000000000000e+00 0.000000000000000000e+00
0.000000000000000000e+00 0.000000000000000000e+00 0.000000000000000000e+00 0.000000000000000000e+00 0.000000000000000000e+00 0.000000000000000000e+00
0.000000000000000000e+00 0.000000000000000000e+00 0.000000000000000000e+00 0.000000000000000000e+00 0.000000000000000000e+00 0.000000000000000000e+00
0.000000000000000000e+00 0.000000000000000000e+00 0.000000000000000000e+00 0.000000000000000000e+00 0.000000000000000000e+00 0.000000000000000000e+00
0.000000000000000000e+00 0.000000000000000000e+00 0.000000000000000000e+00 0.000000000000000000e+00 0.000000000000000000e+00 0.000000000000000000e+00
0.000000000000000000e+00 0.000000000000000000e+00 0.000000000000000000e+00 0.000000000000000000e+00 0.000000000000000000e+00 0.000000000000000000e+00
0.000000000000000000e+00 0.000000000000000000e+00 0.000000000000000000e+00 0.000000000000000000e+00 0.000000000000000000e+00 0.000000000000000000e+00
0.000000000000000000e+00 0.000000000000000000e+00 0.000000000000000000e+00 0.000000000000000000e+00 0.000000000000000000e+00 0.000000000000000000e+00
0.000000000000000000e+00 0.000000000000000000e+00 0.000000000000000000e+00 0.000000000000000000e+00 0.000000000000000000e+00 0.000000000000000000e+00
0.000000000000000000e+00 0.000000000000000000e+00 0.000000000000000000e+00 0.000000000000000000e+00 0.000000000000000000e+00 0.000000000000000000e+00
0.000000000000000000e+00 0.000000000000000000e+00 0.000000000000000000e+00 0.000000000000000000e+00 0.000000000000000000e+00 0.000000000000000000e+00
0.000000000000000000e+00 0.000000000000000000e+00 0.000000000000000000e+00 0.000000000000000000e+00 0.000000000000000000e+00 0.000000000000000000e+00
0.000000000000000000e+00 0.000000000000000000e+00 0.000000000000000000e+00 0.000000000000000000e+00 0.000000000000000000e+00 0.000000000000000000e+00
0.000000000000000000e+00 0.000000000000000000e+00 0.000000000000000000e+00 0.000000000000000000e+00 0.000000000000000000e+00 0.000000000000000000e+00
0.000000000000000000e+00 0.000000000000000000e+00 0.000000000000000000e+00 0.000000000000000000e+00 0.000000000000000000e+00 0.000000000000000000e+00
0.000000000000000000e+00 0.000000000000000000e+00 0.000000000000000000e+00 0.000000000000000000e+00 0.000000000000000000e+00 0.000000000000000000e+00
0.000000000000000000e+00 0.000000000000000000e+00 0.000000000000000000e+00 0.000000000000000000e+00 0.000000000000000000e+00 0.000000000000000000e+00
0.000000000000000000e+00 0.000000000000000000e+00 0.000000000000000000e+00 0.000000000000000000e+00 0.000000000000000000e+00 0.000000000000000000e+00
0.000000000000000000e+00 0.000000000000000000e+00 0.000000000000000000e+00 0.000000000000000000e+00 0.000000000000000000e+00 0.000000000000000000e+00
0.000000000000000000e+00 0.000000000000000000e+00 0.000000000000000000e+00 0.000000000000000000e+00 0.000000000000000000e+00 0.000000000000000000e+00
0.000000000000000000e+00 0.000000000000000000e+00 0.000000000000000000e+00 0.000000000000000000e+00 0.000000000000000000e+00 0.000000000000000000e+00
0.000000000000000000e+00 0.000000000000000000e+00 0.000000000000000000e+00 0.000000000000000000e+00 0.000000000000000000e+00 0.000000000000000000e+00
0.000000000000000000e+00 0.000000000000000000e+00 0.000000000000000000e+00 0.000000000000000000e+00 0.000000000000000000e+00 0.000000000000000000e+00
0.000000000000000000e+00 0.000000000000000000e+00 0.000000000000000000e+00 0.000000000000000000e+00 0.000000000000000000e+00 0.000000000000000000e+00
0.000000000000000000e+00 0.000000000000000000e+00 0.000000000000000000e+00 0.000000000000000000e+00 0.000000000000000000e+00 0.000000000000000000e+00
0.000000000000000000e+00 0.000000000000000000e+00 0.000000000000000000e+00 0.000000000000000000e+00 0.000000000000000000e+00 0.000000000000000000e+00
0.000000000000000000e+00 0.000000000000000000e+00 0.000000000000000000e+00 0.000000000000000000e+00 0.000000000000000000e+00 0.000000000000000000e+00
0.000000000000000000e+00 0.000000000000000000e+00 0.000000000000000000e+00 0.000000000000000000e+00 0.000000000000000000e+00 0.000000000000000000e+00
0.000000000000000000e+00 0.000000000000000000e+00 0.000000000000000000e+00 0.000000000000000000e+00 0.000000000000000000e+00 0.000000000000000000e+00
0.000000000000000000e+00 0.000000000000000000e+00 0.000000000000000000e+00 0.000000000000000000e+00 0.000000000000000000e+00 0.000000000000000000e+00
0.000000000000000000e+00 0.000000000000000000e+00 0.000000000000000000e+00 0.000000000000000000e+00 0.000000000000000000e+00 0.000000000000000000e+00
0.000000000000000000e+00 0.000000000000000000e+00 0.000000000000000000e+00 0.000000000000000000e+00 0.000000000000000000e+00 0.000000000000000000e+00
0.000000000000000000e+00 0.000000000000000000e+00 0.000000000000000000e+00 0.000000000000000000e+00 0.000000000000000000e+00 0.000000000000000000e+00
0.000000000000000000e+00 0.000000000000000000e+00 0.000000000000000000e+00 0.000000000000000000e+00 0.000000000000000000e+00 0.000000000000000000e+00
0.000000000000000000e+00 0.000000000000000000e+00 0.000000000000000000e+00 0.000000000000000000e+00 0.000000000000000000e+00 0.000000000000000000e+00
0.000000000000000000e+00 0.000000000000000000e+00 0.000000000000000000e+00 0.000000000000000000e+00 0.000000000000000000e+00 0.000000000000000000e+00
0.000000000000000000e+00 0.000000000000000000e+00 0.000000000000000000e+00 0.000000000000000000e+00 0.000000000000000000e+00 0.000000000000000000e+00
0.000000000000000000e+00 0.000000000000000000e+00 0.000000000000000000e+00 0.000000000000000000e+00 0.000000000000000000e+00 0.000000000000000000e+00
0.000000000000000000e+00 0.000000000000000000e+00 0.000000000000000000e+00 0.000000000000000000e+00 0.000000000000000000e+00 0.000000000000000000e+00
0.000000000000000000e+00 0.000000000000000000e+00 0.000000000000000000e+00 0.000000000000000000e+00 0.000000000000000000e+00 0.000000000000000000e+00
0.000000000000000000e+00 0.000000000000000000e+00 0.000000000000000000e+00 0.000000000000000000e+00 0.000000000000000000e+00 0.000000000000000000e+00
0.000000000000000000e+00 0.000000000000000000e+00 0.000000000000000000e+00 0.000000000000000000e+00 0.000000000000000000e+00 0.000000000000000000e+00
0.000000000000000000e+00 0.000000000000000000e+00 0.000000000000000000e+00 0.000000000000000000e+00 0.000000000000000000e+00 0.000000000000000000e+00
0.000000000000000000e+00 0.000000000000000000e+00 0.000000000000000000e+00 0.000000000000000000e+00 0.000000000000000000e+00 0.000000000000000000e+00
0.000000000000000000e+00 0.000000000000000000e+00 0.000000000000000000e+00 0.000000000000000000e+00 0.000000000000000000e+00 0.000000000000000000e+00
0.000000000000000000e+00 0.000000000000000000e+00 0.000000000000000000e+00 0.000000000000000000e+00 0.000000000000000000e+00 0.000000000000000000e+00
