0.000000000000000000e+00 0.000000000000000000e+00 0.000000000000000000e+00 0.000000000000000000e+00 0.000000000000000000e+00 0.000000000000000000e+00
1.488095238095233459e-03 3.898415527028722873e-03 2.151764716747772699e-03 -8.525339282534204633e-04 2.933645476252476174e-03 -9.447538248955809209e-03
0.000000000000000000e+00 0.000000000000000000e+00 0.000000000000000000e+00 0.000000000000000000e+00 0.000000000000000000e+00 0.000000000000000000e+00
0.000000000000000000e+00 0.000000000000000000e+00 0.000000000000000000e+00 0.000000000000000000e+00 0.000000000000000000e+00 0.000000000000000000e+00
5.952380952380999539e-04 -3.349754230746422763e-03 -6.410296027011387707e-04 7.513765972637760637e-03 -1.007620441513507915e-02 -6.691107750953697621e-03
0.000000000000000000e+00 0.000000000000000000e+00 0.000000000000000000e+00 0.000000000000000000e+00 0.000000000000000000e+00 0.000000000000000000e+00
0.000000000000000000e+00 0.000000000000000000e+00 0.000000000000000000e+00 0.000000000000000000e+00 0.000000000000000000e+00 0.000000000000000000e+00
8.333333333333314136e-03 1.275223522547288581e-02 -2.668314509175092469e-02 -3.582217764845545965e-02 3.309823587608046874e-02 -3.419438249203456820e-02
0.000000000000000000e+00 0.000000000000000000e+00 0.000000000000000000e+00 0.000000000000000000e+00 0.000000000000000000e+00 0.000000000000000000e+00
0.000000000000000000e+00 0.000000000000000000e+00 0.000000000000000000e+00 0.000000000000000000e+00 0.000000000000000000e+00 0.000000000000000000e+00
0.000000000000000000e+00 0.000000000000000000e+00 0.000000000000000000e+00 0.000000000000000000e+00 0.000000000000000000e+00 0.000000000000000000e+00
5.505952380952421066e-02 -4.964508967366556558e-01 2.697056537552664501e-01 -4.883176582733053106e-01 -1.456104258827980447e-01 8.239039695003162744e-03
0.000000000000000000e+00 0.000000000000000000e+00 0.000000000000000000e+00 0.000000000000000000e+00 0.000000000000000000e+00 0.000000000000000000e+00
2.116071428571424939e-01 5.152847067622673416e-01 3.341958382944898442e-01 2.970913383561256393e-02 1.079289490794985429e-01 -5.468935261024063799e-01
0.000000000000000000e+00 0.000000000000000000e+00 0.000000000000000000e+00 0.000000000000000000e+00 0.000000000000000000e+00 0.000000000000000000e+00
0.000000000000000000e+00 0.000000000000000000e+00 0.000000000000000000e+00 0.000000000000000000e+00 0.000000000000000000e+00 0.000000000000000000e+00
0.000000000000000000e+00 0.000000000000000000e+00 0.000000000000000000e+00 0.000000000000000000e+00 0.000000000000000000e+00 0.000000000000000000e+00
0.000000000000000000e+00 0.000000000000000000e+00 0.000000000000000000e+00 0.000000000000000000e+00 0.000000000000000000e+00 0.000000000000000000e+00
6.339285714285737561e-02 -1.680941924266425302e-01 -2.007801842601882880e-01 2.090144235434231168e-01 -5.360765337048144508e-01 2.898120137985277234e-01
0.000000000000000000e+00 0.000000000000000000e+00 0.000000000000000000e+00 0.000000000000000000e+00 0.000000000000000000e+00 0.000000000000000000e+00
0.000000000000000000e+00 0.000000000000000000e+00 0.000000000000000000e+00 0.000000000000000000e+00 0.000000000000000000e+00 0.000000000000000000e+00
9.404761904761872737e-02 2.571403598696312964e-01 2.260002564568270034e-01 5.601284372574791282e-02 -1.305682189722325026e-02 1.030374959459054440e-01
0.000000000000000000e+00 0.000000000000000000e+00 0.000000000000000000e+00 0.000000000000000000e+00 0.000000000000000000e+00 0.000000000000000000e+00
0.000000000000000000e+00 0.000000000000000000e+00 0.000000000000000000e+00 0.000000000000000000e+00 0.000000000000000000e+00 0.000000000000000000e+00
0.000000000000000000e+00 0.000000000000000000e+00 0.000000000000000000e+00 0.000000000000000000e+00 0.000000000000000000e+00 0.000000000000000000e+00
0.000000000000000000e+00 0.000000000000000000e+00 0.000000000000000000e+00 0.000000000000000000e+00 0.000000000000000000e+00 0.000000000000000000e+00
0.000000000000000000e+00 0.000000000000000000e+00 0.000000000000000000e+00 0.000000000000000000e+00 0.000000000000000000e+00 0.000000000000000000e+00
0.000000000000000000e+00 0.000000000000000000e+00 0.000000000000000000e+00 0.000000000000000000e+00 0.000000000000000000e+00 0.000000000000000000e+00
3.898809523809553673e-02 -2.622302420271011569e-01 3.287557826070436340e-02 2.072891196736030284e-01 6.380427335589036186e-01 9.282902061270260907e-02
0.000000000000000000e+00 0.000000000000000000e+00 0.000000000000000000e+00 0.000000000000000000e+00 0.000000000000000000e+00 0.000000000000000000e+00
0.000000000000000000e+00 0.000000000000000000e+00 0.000000000000000000e+00 0.000000000000000000e+00 0.000000000000000000e+00 0.000000000000000000e+00
0.000000000000000000e+00 0.000000000000000000e+00 0.000000000000000000e+00 0.000000000000000000e+00 0.000000000000000000e+00 0.000000000000000000e+00
0.000000000000000000e+00 0.000000000000000000e+00 0.000000000000000000e+00 0.000000000000000000e+00 0.000000000000000000e+00 0.000000000000000000e+00
2.773809523809518951e-01 3.011063409235704702e-01 -7.354850973235070866e-01 -6.350324264572038135e-01 3.261693650045319193e-01 -2.874384561282568029e-01
0.000000000000000000e+00 0.000000000000000000e+00 0.000000000000000000e+00 0.000000000000000000e+00 0.000000000000000000e+00 0.000000000000000000e+00
8.214285714285754492e-02 -3.926124930222043563e-01 -5.493111994154951938e-02 4.606624421368434863e-01 -3.621488167439854688e-01 -2.238086442975015800e-01
1.785714285714329460e-03 -1.277731601640539304e-02 9.755638469210786614e-04 2.176062568337062270e-02 6.472824796181929352e-02 5.003151503800419737e-03
8.482142857142828396e-02 2.798801066856010378e-01 3.766213411843310488e-01 1.726536305771036173e-01 -1.393883353424547056e-01 4.738475068096015819e-01
3.928571428571423635e-02 2.539604951371904427e-03 -1.878176557603276065e-01 -1.112913840121208531e-01 8.593611257551168892e-02 4.068480692582455149e-01
0.000000000000000000e+00 0.000000000000000000e+00 0.000000000000000000e+00 0.000000000000000000e+00 0.000000000000000000e+00 0.000000000000000000e+00
0.000000000000000000e+00 0.000000000000000000e+00 0.000000000000000000e+00 0.000000000000000000e+00 0.000000000000000000e+00 0.000000000000000000e+00
0.000000000000000000e+00 0.000000000000000000e+00 0.000000000000000000e+00 0.000000000000000000e+00 0.000000000000000000e+00 0.000000000000000000e+00
4.107142857142867531e-02 -3.708687548517916599e-02 -3.618776453526268561e-02 1.067001951709957014e-01 -5.248015154618669575e-02 -2.711426426036774862e-01
