-0.000000000000000000e+00 0.000000000000000000e+00 0.000000000000000000e+00 0.000000000000000000e+00 0.000000000000000000e+00 0.000000000000000000e+00
4.960317460317439442e-04 1.884407079138317696e-03 1.921816167980854072e-03 3.549288323825393202e-04 8.085374915153609784e-04 -1.074058681125346143e-03
1.140873015873024136e-02 -6.086674925197868569e-02 -3.300720868054104334e-02 2.338806057653470549e-01 6.362755544181035450e-02 8.704221156736332080e-03
-0.000000000000000000e+00 0.000000000000000000e+00 0.000000000000000000e+00 0.000000000000000000e+00 0.000000000000000000e+00 0.000000000000000000e+00
1.636904761904769273e-02 1.307115316049626240e-02 -6.250141160172074939e-02 -4.796086161108285839e-02 -1.208016061273038816e-01 -6.624591825429995695e-02
1.488095238095180940e-02 -2.992844551939202180e-01 1.080321037456628969e-01 -3.127499253017243519e-01 -1.808740847966916476e-01 -4.718859605996500103e-03
-0.000000000000000000e+00 0.000000000000000000e+00 0.000000000000000000e+00 0.000000000000000000e+00 0.000000000000000000e+00 0.000000000000000000e+00
7.936507936507941272e-03 2.473276786855757581e-02 1.732337266633134434e-02 1.463813088314934148e-03 -1.855272028813575048e-03 3.879137517987119033e-02
-0.000000000000000000e+00 0.000000000000000000e+00 0.000000000000000000e+00 0.000000000000000000e+00 0.000000000000000000e+00 0.000000000000000000e+00
-0.000000000000000000e+00 0.000000000000000000e+00 0.000000000000000000e+00 0.000000000000000000e+00 0.000000000000000000e+00 0.000000000000000000e+00
-0.000000000000000000e+00 0.000000000000000000e+00 0.000000000000000000e+00 0.000000000000000000e+00 0.000000000000000000e+00 0.000000000000000000e+00
5.099206349206386601e-02 -3.812762590387275968e-02 -2.464401553233038500e-01 -6.753971490641075270e-02 -2.717021862170888521e-02 -1.747653363895295409e-01
-0.000000000000000000e+00 0.000000000000000000e+00 0.000000000000000000e+00 0.000000000000000000e+00 0.000000000000000000e+00 0.000000000000000000e+00
1.392857142857141795e-01 5.172125236576915475e-01 5.101791136109701252e-01 8.776975519929024194e-02 1.993729048910581059e-01 -3.236408743638859997e-01
-0.000000000000000000e+00 0.000000000000000000e+00 0.000000000000000000e+00 0.000000000000000000e+00 0.000000000000000000e+00 0.000000000000000000e+00
2.202380952380930679e-02 -3.053655701929053334e-01 4.331184218505418348e-02 -2.643986628911916270e-01 2.718560399463875732e-01 2.203151825940342576e-02
4.166666666666558189e-03 -7.323272470840841430e-02 2.009199981256707193e-02 1.264503732121667889e-01 -3.848978223685688149e-02 -3.218604703333161586e-03
-0.000000000000000000e+00 0.000000000000000000e+00 0.000000000000000000e+00 0.000000000000000000e+00 0.000000000000000000e+00 0.000000000000000000e+00
8.194444444444470843e-02 8.444786717697570777e-02 -1.873612590768894415e-01 -1.008415816686086125e-01 -2.273580717420788100e-01 1.574242640254286674e-01
1.001984126984130537e-02 -5.038425868709946881e-03 -2.900326143849808747e-02 2.575903107039980572e-02 2.308544922665833193e-02 8.416089387522990295e-02
-0.000000000000000000e+00 0.000000000000000000e+00 0.000000000000000000e+00 0.000000000000000000e+00 0.000000000000000000e+00 0.000000000000000000e+00
5.892857142857133718e-02 2.259396325268667738e-01 2.356674550476982044e-01 4.655512119110949421e-02 1.143165664768639733e-01 -2.124360820413496997e-01
4.166666666666683956e-03 2.779724284555341006e-03 -1.791315865896279599e-02 -1.367909827748600357e-02 -3.449620102853623305e-02 -2.077965246381749051e-02
3.373015873015754781e-03 -6.226801154567661312e-02 1.934903377881658573e-02 -5.504855944033728438e-02 -1.257030438931683487e-02 6.180830835160291189e-04
2.876984126984002705e-03 -5.864669617019951930e-02 2.156202165092153955e-02 -4.710447221458823053e-02 -4.230267992537307953e-02 -1.756523617066406504e-03
-0.000000000000000000e+00 0.000000000000000000e+00 0.000000000000000000e+00 0.000000000000000000e+00 0.000000000000000000e+00 0.000000000000000000e+00
-0.000000000000000000e+00 0.000000000000000000e+00 0.000000000000000000e+00 0.000000000000000000e+00 0.000000000000000000e+00 0.000000000000000000e+00
-0.000000000000000000e+00 0.000000000000000000e+00 0.000000000000000000e+00 0.000000000000000000e+00 0.000000000000000000e+00 0.000000000000000000e+00
1.114087301587307205e-01 -1.577063997481045476e-01 -4.793092891905245678e-01 9.761452783134184560e-03 2.481075441161111339e-01 -9.468598020668834991e-02
-0.000000000000000000e+00 0.000000000000000000e+00 0.000000000000000000e+00 0.000000000000000000e+00 0.000000000000000000e+00 0.000000000000000000e+00
1.230158730158686931e-02 -2.364207818104395176e-01 7.893220861305343117e-02 -3.632957224918323402e-02 -1.403053037993733099e-01 -7.307986895761259261e-03
-0.000000000000000000e+00 0.000000000000000000e+00 0.000000000000000000e+00 0.000000000000000000e+00 0.000000000000000000e+00 0.000000000000000000e+00
-0.000000000000000000e+00 0.000000000000000000e+00 0.000000000000000000e+00 0.000000000000000000e+00 0.000000000000000000e+00 0.000000000000000000e+00
1.644841269841269549e-01 4.921278298300933995e-01 3.053391092292596087e-01 1.116286944987508354e-03 -1.019171847279511517e-01 7.175039545655292894e-01
1.200396825396824255e-02 -1.609869561326530973e-01 1.697177722538485700e-02 7.962543228338493373e-01 -3.149441334097360934e-02 -5.970081702140316721e-03
1.229166666666670626e-01 6.737326738702810458e-02 -4.443271879918142542e-01 -2.613190825525950056e-01 -5.572227494326243979e-01 -2.444149632391932891e-01
3.680555555555555663e-02 -2.849936879438935700e-01 -7.363448597746859170e-02 -1.479768453970548847e-01 5.840408182033606233e-01 2.092671890353974343e-02
4.077380952380947610e-02 1.648056342654661832e-01 1.862062632773488213e-01 4.208600018152669486e-02 1.129591037795792396e-01 -2.628986097507153841e-01
3.650793650793655865e-02 7.276907575116152438e-02 8.957563170501533015e-03 1.474376453793075498e-02 -1.735290395448320019e-02 3.568637160197515312e-01
-0.000000000000000000e+00 0.000000000000000000e+00 0.000000000000000000e+00 0.000000000000000000e+00 0.000000000000000000e+00 0.000000000000000000e+00
-0.000000000000000000e+00 0.000000000000000000e+00 0.000000000000000000e+00 0.000000000000000000e+00 0.000000000000000000e+00 0.000000000000000000e+00
-0.000000000000000000e+00 0.000000000000000000e+00 0.000000000000000000e+00 0.000000000000000000e+00 0.000000000000000000e+00 0.000000000000000000e+00
3.392857142857146069e-02 7.579420148270857305e-02 -3.482622418195506107e-04 -3.124707913017979455e-02 -8.396374342126423918e-02 1.688878684589559601e-02
