0.000000000000000000e+00 0.000000000000000000e+00 0.000000000000000000e+00 0.000000000000000000e+00 0.000000000000000000e+00 0.000000000000000000e+00
1.847290640394164151e-04 8.833525593549762999e-04 -4.190801656723859179e-04 8.642326515899387317e-04 1.107020913468964975e-03 -6.622462772067762120e-04
8.282019704433457585e-03 1.369574710044016951e-02 6.534821420020697595e-04 -3.795634324138048854e-02 -4.147297203969534801e-02 -3.757530443020036526e-02
3.017241379311647129e-03 -4.111283761293865746e-02 -1.091217575543850238e-01 9.578371895871984690e-03 -6.727068512049213904e-03 -2.481570684696864527e-03
1.240763546798050003e-02 4.750045224231815716e-02 -1.837607705874068006e-02 -5.701411746822854405e-03 -3.581992900647098382e-02 8.364892658006961579e-02
5.036945812807609030e-02 -2.414506297803644952e-01 2.222742825967674585e-01 -1.688710424550763090e-01 1.621629385800295864e-01 -1.876478410107847439e-01
2.463054187191889271e-04 -1.625909086852539518e-03 2.160130210979908146e-03 2.710158563290499586e-03 -1.222490239858790720e-03 2.131489282190262343e-03
9.020935960591358951e-03 4.116920907548232700e-02 -1.882758853242633146e-02 3.101788470436369488e-02 3.419863986077591178e-02 -5.265377398619582559e-03
3.078817733989882188e-04 -1.910084926339739768e-03 2.416307425415486609e-03 2.298221947513923256e-03 -8.749518627661442317e-04 5.912010748154558799e-04
1.505541871921819985e-02 -2.042206403346355503e-01 -5.398251117116938946e-01 4.756729080222781014e-02 -3.334243663861023027e-02 -1.448921948704196168e-02
2.164408866995011504e-02 -1.103322371067113339e-01 5.459107874037005814e-02 -2.232217511875898841e-01 2.352635593298535721e-01 4.012917157621959663e-01
4.458128078817762130e-02 1.276561271875480685e-01 -3.339039887323719952e-02 -1.385418670644006922e-01 -2.524238729180323104e-01 1.122702904936679069e-01
4.310344827587678750e-03 -5.111787311993427202e-02 -1.208800445609907181e-01 3.775721808434371208e-03 -2.605770257601904851e-04 3.707290750396009891e-03
8.753078817734269435e-02 4.145982788615169001e-01 -1.952726650250356244e-01 3.868904220924979098e-01 4.843528104784918242e-01 -2.595905345063722058e-01
6.228448275861576955e-02 -3.673801205997460073e-01 4.455412476933345300e-01 3.152595211939437925e-01 -9.251126369217307910e-02 -8.245112106681738717e-02
1.681034482758573742e-02 -1.027964707356584725e-02 2.889029777140117439e-02 -8.735588083374870583e-02 -5.242276573563990627e-02 -1.666416095377265538e-01
5.541871921182057147e-03 -1.900762107627525233e-02 1.489970731517500750e-02 -4.489470322092430771e-02 2.344117501464529005e-02 -2.873874647339299745e-02
1.582512315270791919e-02 -1.030751995882051020e-01 1.355606884131058953e-01 1.609660061194555514e-01 -7.040721150270272399e-02 1.066079211539519567e-01
5.591133004926194389e-02 2.089631387724943390e-01 -7.928617635710936973e-02 -2.581409344133657816e-02 -1.400576090147297170e-01 2.486093316757049254e-01
4.464285714285758273e-03 1.500001479538315766e-02 -5.061580731096520548e-03 -6.803251379389294029e-03 -1.618624002529635286e-02 1.394197335683440390e-02
0.000000000000000000e+00 0.000000000000000000e+00 0.000000000000000000e+00 0.000000000000000000e+00 0.000000000000000000e+00 0.000000000000000000e+00
2.810960591133096834e-02 1.340879885282354467e-01 -6.349798040724696779e-02 1.297111403273082386e-01 1.653256146539799076e-01 -9.695085566197086946e-02
3.694581280788210992e-03 1.268865026387518830e-02 -4.332339551464489680e-03 -6.936557930486662860e-03 -1.768575164505753819e-02 2.290241551579199827e-02
1.533251231526982540e-02 -8.370697825176158513e-02 9.785264619922236229e-02 4.072647725698001070e-02 -6.133551216416352828e-03 -4.678524832052581572e-02
3.999384236453063651e-02 -1.927481662904664828e-01 1.080157811188554445e-01 -3.065551357647677833e-01 2.835382215644079995e-01 1.739516678602234523e-01
0.000000000000000000e+00 0.000000000000000000e+00 0.000000000000000000e+00 0.000000000000000000e+00 0.000000000000000000e+00 0.000000000000000000e+00
6.896551724137841601e-03 -3.811832610315046832e-02 4.206910624561698703e-03 -5.112608669493756003e-02 5.220675789859541283e-02 5.157833314539464475e-02
1.231527093596274775e-04 -1.161407672783968227e-03 -1.563244945139029632e-03 4.715630656365333564e-04 -1.801727906880875771e-04 -1.087582889213457963e-04
6.834975369458140548e-02 1.967322106417815908e-01 -5.222592143667771636e-02 -2.030936184815646250e-01 -3.671758913924584866e-01 1.446623049575387621e-01
2.216748768472688851e-03 -1.439544186241268134e-02 1.888894182557114901e-02 2.212355208675661697e-02 -9.595437366006424884e-03 1.385136792486924874e-02
2.847906403940767689e-02 -8.926775391378447000e-02 8.442052057245119645e-02 -1.879586391355207442e-01 6.391266716602528319e-02 -2.668559273033076495e-01
5.652709359605416484e-02 -3.551985736562845442e-01 4.543658246225712460e-01 4.589845678603609036e-01 -1.817374414954026629e-01 1.515416220185403506e-01
9.236453201974147902e-05 -1.216567174509931458e-03 -3.144429764801960712e-03 2.396315711206269160e-04 -1.542081419821215603e-04 -4.210903335120482009e-05
8.432881773399253378e-02 3.801672164058032544e-01 -1.721686290856979107e-01 2.663565186769281667e-01 2.804259398384563173e-01 -1.380249360456306355e-02
2.019704433497479176e-02 -3.122416115084141602e-02 4.201881481499097210e-02 -1.424625935195711623e-01 -1.195811082288304218e-02 -2.799628897909954839e-01
7.389162561576449739e-02 2.575956799099219929e-01 -8.982919462844543568e-02 -1.178680288147103683e-01 -3.174782224298424160e-01 4.184497540399746418e-01
5.889778325123080915e-02 7.123206696195517884e-02 2.481192780905142406e-02 -2.997066613627053511e-01 -3.084386341538624121e-01 -4.153301323555579350e-01
2.155172413793175756e-02 1.039125015135681090e-01 -4.960955159287652738e-02 1.059347642294769382e-01 1.384345348381048058e-01 -9.126178234278194135e-02
2.001231527093635942e-02 8.133246369641189411e-02 -3.367037757266760911e-02 2.113079171906345408e-02 -1.609766798451022201e-03 5.550811542109678615e-02
4.833743842364362879e-03 -2.535440882362042375e-02 1.079470405084240539e-02 -2.826314902049595693e-02 2.852528932447587207e-02 1.015930300021901031e-02
7.266009852219706619e-03 -9.633641625358056737e-02 -2.503996615827724925e-01 1.951120526588449172e-02 -1.277762360042636672e-02 -3.230573845826986180e-03
2.090517241379166377e-02 -1.129926508759257209e-01 1.251246850269553679e-01 2.568269584523405133e-02 1.436047398418459874e-02 -7.175036627166642145e-02
2.050492610837485394e-02 8.601855381862423544e-02 -3.658616783525888566e-02 3.133007561148204445e-02 1.139855662174022941e-02 5.621968367886096690e-02
