-0.000000000000000000e+00 0.000000000000000000e+00 0.000000000000000000e+00 0.000000000000000000e+00 0.000000000000000000e+00 0.000000000000000000e+00
2.232142857142921041e-04 -9.576600801225894875e-04 -6.886671141180915074e-04 1.339484252968998340e-03 -8.981597818388945605e-04 -6.912119994791813367e-04
9.747023809523816529e-03 -1.134451594043713908e-02 2.992897435347601637e-02 -5.776017554010132865e-02 2.015127004868291424e-02 -3.117890514141851213e-02
3.720238095237993659e-04 2.224161839942113798e-03 7.746118615525208681e-03 9.866312960599588067e-03 4.216513137224420921e-02 -4.695938641649267768e-03
1.171875000000015786e-02 -3.844845845048397437e-02 7.899236669792462126e-05 -3.755289170861118159e-02 4.897674420652586846e-02 7.111770955935810268e-02
4.773065476190342660e-02 2.523348448938775301e-01 1.734693736435592715e-01 4.968423417023720701e-02 -2.823002989300093524e-01 -2.159336501403698316e-01
2.976190476190391891e-04 2.429376906552334955e-03 -3.685065833979658725e-03 -3.023047933570186278e-04 1.998894770921036401e-03 1.868877950497951738e-03
7.886904761904919500e-03 -3.208242163700212451e-02 -1.881658506971948738e-02 3.056445019049954664e-02 -1.643592797628676966e-02 -6.227003783058253708e-03
3.720238095237968180e-04 2.820036404985465893e-03 -3.236860288903980424e-03 -2.067322631973701470e-04 1.053350383284145731e-03 4.697843597935187090e-04
-0.000000000000000000e+00 0.000000000000000000e+00 0.000000000000000000e+00 0.000000000000000000e+00 0.000000000000000000e+00 0.000000000000000000e+00
2.462797619047555481e-02 1.286412116297921404e-01 3.020346039348510425e-01 1.673560211785718732e-01 -3.144053561645729356e-01 4.879895317870157623e-01
4.252232142857179792e-02 -1.048788738559140038e-01 6.372117501862083200e-02 -2.401702121769939136e-01 1.997752893031987109e-01 1.408669186138793161e-01
2.752976190476109572e-03 1.578673005021474784e-02 4.741547283731348261e-02 5.384114509232448137e-02 2.038725337242092428e-01 -1.769756529940842010e-02
9.747023809524028859e-02 -4.140913783691956840e-01 -2.876674580504910983e-01 5.447801673454056859e-01 -3.551684516259209223e-01 -2.569511495539570367e-01
4.724702380952237185e-02 3.373517232307187697e-01 -2.919337985595826801e-01 -1.248820687866400957e-02 2.603892844715229027e-02 -5.739967888008169761e-02
1.748511904761892652e-02 1.659701040592542406e-02 7.656136067685821722e-02 -9.030172898744311116e-02 -2.306366829816412778e-02 -1.521497933540254810e-01
6.398809523809397860e-03 2.288408363580792318e-02 5.067314759148174030e-02 -6.840709037753468259e-04 -5.209902808276316299e-02 -3.407668281388370746e-02
1.897321428571368054e-02 1.526697178716907022e-01 -2.203834070691783609e-01 -1.741555489738372264e-02 1.108029810749456695e-01 9.544192646397998969e-02
5.479910714285803064e-02 -1.799741734757018541e-01 -1.108455545990395981e-02 -1.175633456226670287e-01 1.561333015861543494e-01 2.039991012045754004e-01
4.985119047619130522e-03 -1.428352764927754738e-02 2.992510053344167500e-03 -1.760279630186095678e-02 1.631237675891955563e-02 1.309949814960157700e-02
-0.000000000000000000e+00 0.000000000000000000e+00 0.000000000000000000e+00 0.000000000000000000e+00 0.000000000000000000e+00 0.000000000000000000e+00
3.277529761904827282e-02 -1.402220324001698659e-01 -9.990129138865473657e-02 1.930331113742377591e-01 -1.286062957461889811e-01 -9.776428192465737299e-02
4.464285714285769549e-03 -1.330452443591013251e-02 3.019419924013562895e-03 -2.077247206939661361e-02 2.223913002501000033e-02 2.611668986898241576e-02
1.160714285714252447e-02 7.343000630142364205e-02 -3.303126637722241660e-02 -2.384363527788913289e-03 -1.995353711794280172e-02 -3.926531574505205680e-02
3.690476190476095486e-02 1.812747645995945178e-01 3.274118117905802094e-01 1.361720894784806124e-01 -2.843081492711030944e-01 1.231382053893424616e-01
-0.000000000000000000e+00 0.000000000000000000e+00 0.000000000000000000e+00 0.000000000000000000e+00 0.000000000000000000e+00 0.000000000000000000e+00
6.808035714285529637e-03 3.589559505736168721e-02 7.186207926177111405e-02 4.475179155706109080e-02 -1.579190624024906682e-03 4.831441878845207233e-02
7.440476190475960754e-05 5.389287998538289364e-04 -4.900689646536023026e-04 -2.176277466144527391e-05 4.715937697347438897e-05 -1.128385949839592293e-04
7.005208333333398651e-02 -1.731989804530043031e-01 1.000879932062961192e-01 -3.724294939642661117e-01 3.021914398710475735e-01 1.924868841139933395e-01
2.678571428571343595e-03 2.148499665909822665e-02 -3.064779480721132460e-02 -2.398515065060885434e-03 1.508216432883509490e-02 1.262797881186200795e-02
3.296130952380888629e-02 1.118766541787973717e-01 2.040516123213629296e-01 -4.572536918788969174e-02 -2.168351821671000712e-01 -2.933953290452899210e-01
6.049107142856954139e-02 4.684126355952638043e-01 -5.868901317017710673e-01 -4.125952246875285584e-02 2.294482924034133564e-01 1.399875937384693347e-01
-0.000000000000000000e+00 0.000000000000000000e+00 0.000000000000000000e+00 0.000000000000000000e+00 0.000000000000000000e+00 0.000000000000000000e+00
9.505208333333534099e-02 -3.824173784299312318e-01 -2.138953177532361138e-01 3.302543759732008422e-01 -1.643529546540797859e-01 -3.791144890579199733e-02
2.440476190476157520e-02 4.643364096477028968e-02 1.468498700205993213e-01 -9.529045247064420188e-02 -1.157603833141789551e-01 -2.854249430801001908e-01
7.790178571428675591e-02 -2.363088807336732877e-01 3.891081130941405342e-02 -3.192377126494738704e-01 3.479851969634479292e-01 4.088327326426317576e-01
5.662202380952360836e-02 -3.524986114478137478e-02 2.080620514052011760e-01 -3.616742821706444566e-01 8.030836113543096677e-02 -3.240697614634831525e-01
2.492559523809577404e-02 -1.079038297950714737e-01 -8.009388954339859146e-02 1.596603080389320528e-01 -1.098705933159761367e-01 -8.957377333363809868e-02
1.841517857142884601e-02 -6.722000566673207167e-02 -2.297091399865361025e-02 1.457695062947107767e-02 7.424930472954149527e-03 2.651412236447830278e-02
5.096726190476049204e-03 2.727628537707211739e-02 3.817291159221342101e-02 2.148269042866215658e-02 -1.373427609932045650e-02 5.175587251571537629e-03
3.124999999999910835e-03 1.841719500181755731e-02 6.104033126379519031e-02 7.489386910515778706e-02 3.079740099672648723e-01 -3.159946773182180368e-02
1.826636904761854557e-02 1.136376045577878052e-01 -2.080854944975622789e-02 7.229474285036350915e-03 -5.713260890118003477e-02 -7.109842093185383960e-02
2.176339285714328636e-02 -8.053070144494885174e-02 -2.786499975654383246e-02 1.375549036177416140e-02 1.652257585004490020e-02 4.916959930552308733e-02
