0.000000000000000000e+00 0.000000000000000000e+00 0.000000000000000000e+00 0.000000000000000000e+00 0.000000000000000000e+00 0.000000000000000000e+00
1.984126984127180366e-04 -8.912952631548498638e-04 -1.635052693112931156e-04 8.011152552176702699e-04 -1.217290814099150067e-03 6.745422299295928152e-04
8.664021164021427565e-03 -1.176013189313539035e-02 2.672012824224601416e-03 -3.619973126677647479e-02 4.554235521273881232e-02 4.084838621544155390e-02
3.174603174602466400e-03 2.836604335522555434e-02 -2.533629138537350500e-01 2.020158684840519733e-02 6.879714261665522031e-03 -8.448836787534821924e-02
1.316137566137675664e-02 -4.703364028099698418e-02 -5.487767888249739552e-03 -3.456790772941649003e-03 4.220827007957034943e-02 -8.342258750382394727e-02
5.085978835978217927e-02 2.697997178852261646e-01 1.418129169016013047e-01 -2.021533994040586035e-01 -1.409580988676786550e-01 1.635227033123755336e-01
2.645502645502326384e-04 2.038953960083475427e-03 2.876925321425648479e-03 3.223609618045101752e-03 1.070623048483866158e-03 -1.733516270819547176e-03
9.689153439154321243e-03 -4.151816784975098651e-02 -7.082724877354741252e-03 2.925770779708895125e-02 -3.734601895737958005e-02 6.444782240427571543e-03
3.306878306877817177e-04 2.382529833196212529e-03 3.030219042753136763e-03 2.691871308457548326e-03 7.116573443239884635e-04 -3.969709049943149636e-04
4.530423280422210194e-03 4.317390028480417447e-02 -4.294644570923821236e-01 4.645091538598225545e-02 2.437813507138734959e-02 1.781034211578829685e-01
2.324735449735098464e-02 1.241352506350827806e-01 -2.681313219851775773e-02 -2.494835163536107958e-01 -2.021391831677151196e-01 -3.678837519299901215e-01
4.358465608465889735e-02 -1.169950924357426869e-01 -3.752828057821192432e-03 -1.062332559344860566e-01 2.501045050861709362e-01 -1.105609657108274080e-01
2.447089947089446313e-03 1.858828246440150100e-02 -1.224980319294356745e-01 1.638934339272340350e-03 -2.974473285332989055e-03 -4.045448128347150368e-02
9.156746031746910985e-02 -4.074205814154196470e-01 -7.369659055462034203e-02 3.504415125573721035e-01 -5.185838998307943370e-01 2.601276777545405428e-01
5.241402116401405742e-02 3.576128497849863641e-01 4.147463707025286772e-01 2.838112689461888549e-01 5.059556686560126582e-02 7.151873269730990579e-02
1.587301587301552172e-02 1.519570899985170191e-02 1.892946706540243190e-02 -8.679752051681828562e-02 5.528602832267724698e-02 1.660263480570152161e-01
5.952380952380344897e-03 2.250090182808933692e-02 3.427178754612957099e-03 -5.016379737564043151e-02 -1.709905291661914517e-02 3.213534766126970726e-02
1.686507936507703267e-02 1.282390422585695244e-01 1.774133754340667113e-01 1.907469895619821054e-01 6.112345975563838324e-02 -8.698651796501605249e-02
6.005291005291482631e-02 -2.106989161023054280e-01 -2.403359172096449989e-02 -1.141650933105804212e-02 1.552187339021363632e-01 -2.462330381035589266e-01
4.794973544973889917e-03 -1.505037840674185168e-02 -1.273370315950031560e-03 -5.381374422376333962e-03 1.778915757634823291e-02 -1.376337880427089093e-02
0.000000000000000000e+00 0.000000000000000000e+00 0.000000000000000000e+00 0.000000000000000000e+00 0.000000000000000000e+00 0.000000000000000000e+00
2.999338624338918069e-02 -1.344163328840748683e-01 -2.457547600311055583e-02 1.196023468351837121e-01 -1.807396171202963198e-01 9.845119616002981355e-02
3.968253968254265539e-03 -1.277489943683524781e-02 -1.097940059402805748e-03 -5.444503648600378110e-03 1.962702674447605947e-02 -2.296954776120576150e-02
1.362433862433686665e-02 8.549386451188692448e-02 8.977965382667803251e-02 3.883115174929293451e-02 2.873617486038037259e-03 3.844337345850677018e-02
4.295634920634348874e-02 2.190448573758534967e-01 -1.586810361223612437e-02 -3.494546542197586869e-01 -2.427686362873314185e-01 -1.719772725755496501e-01
0.000000000000000000e+00 0.000000000000000000e+00 0.000000000000000000e+00 0.000000000000000000e+00 0.000000000000000000e+00 0.000000000000000000e+00
7.407407407406356448e-03 4.076153470832555303e-02 -3.178618235381786700e-02 -5.790780871161784610e-02 -4.567262544331774504e-02 -6.009155020361639510e-02
6.613756613755684499e-05 4.573842307199583535e-04 5.410105603977667914e-04 3.858293879903796470e-04 7.128892148669468780e-05 1.146506982891672339e-04
6.656746031746453574e-02 -1.809514234512198394e-01 -6.842783684951690704e-03 -1.524873239248178691e-01 3.605208035273648193e-01 -1.510189364687913871e-01
2.380952380952045064e-03 1.804872521590244333e-02 2.485473360357958253e-02 2.644302838120556748e-02 8.389996975864143225e-03 -1.141867479100521290e-02
3.052248677248411632e-02 1.078398680653466363e-01 4.170420525943784040e-02 -2.122531425888034284e-01 -3.896894294400368719e-02 2.769108532577966297e-01
5.453042328041550479e-02 3.998352991290764491e-01 5.237481652433848556e-01 4.982486350401243991e-01 1.422228494340717075e-01 -1.179262388529866146e-01
0.000000000000000000e+00 0.000000000000000000e+00 0.000000000000000000e+00 0.000000000000000000e+00 0.000000000000000000e+00 0.000000000000000000e+00
8.859126984127796423e-02 -3.748677196392370403e-01 -6.269860520430220463e-02 2.467108535682535631e-01 -2.983061280326630427e-01 2.332014067799165896e-02
2.169312169312068508e-02 4.173922985405463526e-02 2.294516993545700143e-02 -1.555773885682303070e-01 3.193097082595484221e-02 2.951140405705603431e-01
7.936507936508549466e-02 -2.595382782954987477e-01 -2.377794640656815534e-02 -8.992274660749195736e-02 3.513639571373528003e-01 -4.190997985951421256e-01
5.300925925926034538e-02 -4.504646707214145229e-02 2.724242728847551046e-02 -2.560799649273077239e-01 2.900876596229743920e-01 3.977796429352454810e-01
2.314814814815039160e-02 -1.048590611336460976e-01 -1.947463888469876808e-02 9.796563637227882759e-02 -1.523762299316606950e-01 9.230898299334516777e-02
2.149470899471083579e-02 -8.196104985506887097e-02 -1.139596605779401479e-02 2.271913713432493001e-02 2.285341436570711635e-03 -5.280407409571690608e-02
5.191798941798290469e-03 2.826713262262263437e-02 -6.118174658790877414e-03 -3.293268889168383257e-02 -2.528418788289157546e-02 -1.509894951424451022e-02
5.985449735448370931e-03 5.204644418439292874e-02 -4.464883138888670056e-01 3.261785423449643784e-02 1.026152951892859641e-02 -9.147567429529761263e-02
2.030423280423015314e-02 1.247358857660231107e-01 1.143782650537732981e-01 2.043717600945577431e-02 -1.715420242360751052e-02 6.275517521437455615e-02
2.152777777777963725e-02 -8.451997153838544663e-02 -1.234905224492790013e-02 3.011895713534386287e-02 -8.954660252480099031e-03 -5.479570378664996855e-02
