-0.000000000000000000e+00 0.000000000000000000e+00 0.000000000000000000e+00 0.000000000000000000e+00 0.000000000000000000e+00 0.000000000000000000e+00
1.913265306122689032e-04 9.015156793166863216e-04 4.627312553952466975e-04 7.793522427141769647e-04 1.201819247850032185e-03 -6.709295514528809852e-04
8.386479591836989642e-03 1.311496393770072121e-02 1.217059611002520108e-04 -3.472864701801124665e-02 -4.427320541500502638e-02 -4.250290519346060919e-02
3.124999999999238196e-03 -4.649216631490870472e-02 1.157395736130574782e-01 8.814293812326666824e-03 -3.800153372502070980e-03 1.716501347200984594e-03
1.269132653061342403e-02 4.782320445540812204e-02 2.079320051548263701e-02 -4.253378760410033918e-03 -4.147319199829158087e-02 8.532285717188026197e-02
4.948979591836118880e-02 -2.349032236103654470e-01 -2.188269871493864482e-01 -1.946723559488329480e-01 1.395928536547594301e-01 -1.614140597317447745e-01
2.551020408162780356e-04 -1.683200378417628327e-03 -2.214952426423151630e-03 2.922785451503037875e-03 -9.416650700745712041e-04 1.767870237655181937e-03
9.343112244899035718e-03 4.204125273228519893e-02 2.094780179388500488e-02 2.830854579003134336e-02 3.692474741265887317e-02 -5.579453761515656800e-03
3.188775510203530603e-04 -1.979390417956091320e-03 -2.504975172649856648e-03 2.518779040945696990e-03 -6.718308408269375864e-04 5.100576382540083055e-04
1.288265306122135002e-02 -2.010910127232554134e-01 5.169263733445894626e-01 5.156755934909990069e-02 -2.865686519770824225e-02 -2.311140391603741170e-02
2.241709183673216976e-02 -1.132610368077991980e-01 -6.292259709200336004e-02 -2.498784607581723549e-01 2.081565255115997437e-01 4.030188748395821530e-01
4.528061224490087522e-02 1.285883014777739752e-01 4.181368245676703871e-02 -1.154699239117070175e-01 -2.667362553083472698e-01 1.064694825164844011e-01
2.359693877550548234e-03 -2.646384027998194277e-02 5.217911804950422366e-02 -3.855312994626906072e-03 4.649306395482830263e-03 7.696236787633304460e-03
8.829719387756188032e-02 4.121789275945806907e-01 2.103297070939957047e-01 3.406082552689261300e-01 5.120841475623407746e-01 -2.572880461753615511e-01
6.026785714284731144e-02 -3.559778903002504546e-01 -4.356821752115545565e-01 3.295490269649948289e-01 -6.598448705742228360e-02 -5.973179439004648594e-02
1.651785714285669213e-02 -1.320317417586428302e-02 -2.911449146026509963e-02 -8.260834956082870051e-02 -5.537179246674496513e-02 -1.736413213030136016e-01
5.739795918366838098e-03 -1.974912705644208885e-02 -1.608385491771593956e-02 -4.887146693812519788e-02 1.839203353482967568e-02 -3.121557486284950653e-02
1.639030612244595300e-02 -1.067269128702156428e-01 -1.392940810774107585e-01 1.740884522703851356e-01 -5.419656998539886666e-02 8.876228293696217242e-02
5.790816326531130626e-02 2.144129647789490833e-01 9.229034785249096151e-02 -1.446449438399372185e-02 -1.523875523604480697e-01 2.493104694633614671e-01
4.623724489796282588e-03 1.540896264012091808e-02 6.058255981274578324e-03 -5.423398240372880735e-03 -1.742269095088369926e-02 1.375351075195913216e-02
-0.000000000000000000e+00 0.000000000000000000e+00 0.000000000000000000e+00 0.000000000000000000e+00 0.000000000000000000e+00 0.000000000000000000e+00
2.892219387755463889e-02 1.359647960564487612e-01 6.968948862569084024e-02 1.163305091865967505e-01 1.784491053691168172e-01 -9.784287520852069653e-02
3.826530612245204917e-03 1.301067156595519560e-02 5.157611617760194875e-03 -5.617700583064526992e-03 -1.934842100904112308e-02 2.290809926722562825e-02
1.364795918367136054e-02 -7.454258297938959332e-02 -8.797969276867684263e-02 4.028407555960977077e-02 -4.299176559097623272e-03 -3.524295759718316240e-02
4.142219387754618454e-02 -1.979129598149162172e-01 -1.219950049883983534e-01 -3.469669626664818596e-01 2.497080475138686029e-01 1.823064021105795240e-01
-0.000000000000000000e+00 0.000000000000000000e+00 0.000000000000000000e+00 0.000000000000000000e+00 0.000000000000000000e+00 0.000000000000000000e+00
7.142857142856249252e-03 -3.911893077623724430e-02 -7.901583408517433640e-03 -5.901959216246333018e-02 4.721087703218830589e-02 5.470331619547307705e-02
6.377551020407097257e-05 -3.817035693237325273e-04 -4.710238043685139545e-04 3.761736143234660035e-04 -7.794851179020035443e-05 -8.088515197698532681e-05
6.514668367347369038e-02 1.885850676070101872e-01 6.309002842373001574e-02 -1.539214508933109959e-01 -3.601585765167203412e-01 1.439053049518090877e-01
2.295918367346520047e-03 -1.490598668143706604e-02 -1.941801326240601491e-02 2.394439966687404719e-02 -7.384603940775321361e-03 1.154906245651964557e-02
2.943239795918134102e-02 -9.273080450003613751e-02 -8.855670697761566790e-02 -2.040192623277819473e-01 4.388873834672708113e-02 -2.790392138406806999e-01
5.851403061223452856e-02 -3.677623746021406737e-01 -4.693155613885879873e-01 5.004938982513063017e-01 -1.394909178324899857e-01 1.287159455156418053e-01
-0.000000000000000000e+00 0.000000000000000000e+00 0.000000000000000000e+00 0.000000000000000000e+00 0.000000000000000000e+00 0.000000000000000000e+00
8.542729591837713854e-02 3.796990006702861686e-01 1.876807574400820300e-01 2.383116515253827505e-01 2.950688362198364834e-01 -1.556009570791446958e-02
2.091836734693791958e-02 -3.393074163972269186e-02 -4.384608439983178618e-02 -1.478250280003138850e-01 -2.681913268741158846e-02 -2.997899334217301037e-01
7.653061224490415038e-02 2.644794597953070703e-01 1.066812020847994202e-01 -9.307311684205965552e-02 -3.458945139683820003e-01 4.198144162514743649e-01
5.325255102040925975e-02 5.631615053904683726e-02 -2.022206823771142969e-02 -2.490518823204419530e-01 -2.909476989578939632e-01 -4.141761036071593405e-01
2.232142857143139605e-02 1.060409412281089897e-01 5.470847592370033791e-02 9.537922430336463753e-02 1.504130194923062325e-01 -9.230692250828229084e-02
2.072704081632858325e-02 8.326623884369580009e-02 3.833852509472426839e-02 2.130386000119711618e-02 -1.931289474629598740e-03 5.497287814840186304e-02
5.006377551019758690e-03 -2.595150300317616496e-02 -1.302004360080926022e-02 -3.297498486298324621e-02 2.582832401868451894e-02 1.249114619886638848e-02
7.397959183671796481e-03 -1.068895733963878825e-01 2.611855368261778443e-01 1.739390809685310846e-02 -6.771223266030229788e-03 2.972737326541649225e-03
2.075892857142557293e-02 -1.119229043092797304e-01 -1.250629627223250329e-01 2.529335988919970482e-02 1.441569667966771488e-02 -6.045984177917362173e-02
2.075892857143070772e-02 8.574862060522266127e-02 4.023873611238656944e-02 2.842765888827928494e-02 9.055684756033050009e-03 5.698686559460043599e-02
